263874803;41.11724;-8.631591;-0.1506497;0.7176313
1145528596;41.111;-8.637559;-0.1507538;0.7175223
1145528597;41.1118;-8.63624;-0.1507308;0.7175362
1145528598;41.10941;-8.635226;-0.1507131;0.7174945
1145528600;41.10903;-8.635845;-0.1507239;0.7174879
1145528601;41.10813;-8.636828;-0.1507411;0.7174723
1145528603;41.10785;-8.637596;-0.1507545;0.7174674
1145528606;41.10748;-8.639509;-0.1507879;0.7174609
1145528609;41.10723;-8.639937;-0.1507954;0.7174565
1145528625;41.10588;-8.643929;-0.150865;0.7174329
1145528629;41.10595;-8.646054;-0.1509021;0.7174341
1145528630;41.10551;-8.648208;-0.1509397;0.7174264
1145535938;41.10636;-8.660953;-0.1511621;0.7174413
1145549711;41.10941;-8.637329;-0.1507498;0.7174945
1145549712;41.10824;-8.636832;-0.1507412;0.7174742
1145552395;41.11081;-8.63789;-0.1507596;0.717519
1145552396;41.11;-8.638824;-0.1507759;0.7175048
1145552397;41.10981;-8.638992;-0.1507789;0.7175015
1145552399;41.10869;-8.639394;-0.1507859;0.717482
1145554028;41.10959;-8.634761;-0.150705;0.7174978
1145554029;41.10965;-8.630179;-0.1506251;0.7174988
1145554449;41.11348;-8.630801;-0.1506359;0.7175655
1145554466;41.11213;-8.633815;-0.1506885;0.7175419
1145554469;41.11182;-8.635694;-0.1507213;0.7175367
1145555332;41.11091;-8.630722;-0.1506345;0.7175207
1145555336;41.1106;-8.630811;-0.1506361;0.7175152
1145555339;41.11034;-8.631113;-0.1506413;0.7175107
1145555893;41.11213;-8.633368;-0.1506807;0.7175421
1145557167;41.10997;-8.63414;-0.1506942;0.7175043
1145557880;41.11153;-8.633146;-0.1506768;0.7175316
1145557890;41.11058;-8.633701;-0.1506865;0.7175151
1145558736;41.11247;-8.636218;-0.1507304;0.717548
1145558737;41.1133;-8.635909;-0.1507251;0.7175624
1145558738;41.11351;-8.635736;-0.150722;0.7175662
1145558739;41.11326;-8.635172;-0.1507122;0.7175617
1145558740;41.11317;-8.634909;-0.1507076;0.7175601
1145558741;41.11321;-8.634422;-0.1506991;0.7175609
1145558742;41.11319;-8.633894;-0.1506899;0.7175605
1145558743;41.11285;-8.633782;-0.1506879;0.7175547
1145559243;41.11526;-8.634494;-0.1507003;0.7175968
1145559692;41.11789;-8.634277;-0.1506966;0.7176426
1145559695;41.11929;-8.635108;-0.1507111;0.7176669
1145564328;41.11231;-8.64382;-0.1508631;0.7175452
1145564329;41.11256;-8.642279;-0.1508362;0.7175495
1145564330;41.11225;-8.642184;-0.1508346;0.7175441
1145564331;41.11228;-8.642028;-0.1508318;0.7175446
1145564332;41.11255;-8.640623;-0.1508073;0.7175493
1145564333;41.11232;-8.640388;-0.1508032;0.7175454
1145564334;41.11208;-8.640312;-0.1508019;0.7175412
1145564335;41.112;-8.640056;-0.1507974;0.7175397
1145564336;41.11209;-8.63974;-0.1507919;0.7175413
1145564337;41.11234;-8.639448;-0.1507868;0.7175457
1145564338;41.11238;-8.639175;-0.150782;0.7175465
1145564339;41.11246;-8.638679;-0.1507734;0.7175478
1145564340;41.11213;-8.638351;-0.1507677;0.7175421
1145564341;41.11198;-8.63841;-0.1507687;0.7175394
1145564342;41.11092;-8.639549;-0.1507886;0.7175208
1145564343;41.11084;-8.639721;-0.1507916;0.7175196
1145564344;41.11041;-8.640335;-0.1508023;0.717512
1145564345;41.1098;-8.640553;-0.1508061;0.7175014
1145564346;41.10939;-8.640757;-0.1508096;0.7174943
1145564347;41.10893;-8.640427;-0.1508039;0.7174862
1145564348;41.10865;-8.64029;-0.1508015;0.7174813
1145564349;41.10849;-8.640041;-0.1507972;0.7174786
1145564350;41.10843;-8.639738;-0.1507919;0.7174774
1145564351;41.10825;-8.639537;-0.1507884;0.7174744
1145564361;41.1102;-8.639795;-0.1507929;0.7175083
1145564362;41.11034;-8.639252;-0.1507834;0.7175109
1145564363;41.11062;-8.638722;-0.1507742;0.7175156
1145564364;41.11079;-8.638314;-0.150767;0.7175186
1145564365;41.11086;-8.637877;-0.1507594;0.7175198
1145564484;41.11173;-8.64199;-0.1508312;0.717535
1145564544;41.10939;-8.639768;-0.1507924;0.7174941
1145564545;41.10975;-8.639117;-0.150781;0.7175004
1145564611;41.10968;-8.640625;-0.1508074;0.7174992
1145564612;41.10904;-8.641477;-0.1508222;0.7174881
1145564613;41.1093;-8.641609;-0.1508245;0.7174927
1145564614;41.10937;-8.641824;-0.1508283;0.7174938
1145564615;41.10951;-8.641977;-0.150831;0.7174963
1145564616;41.10986;-8.64228;-0.1508362;0.7175025
1145564617;41.11019;-8.642222;-0.1508352;0.7175082
1145564618;41.11068;-8.642712;-0.1508438;0.7175168
1145564789;41.11193;-8.643611;-0.1508595;0.7175385
1145564790;41.11102;-8.647116;-0.1509206;0.7175226
1145564791;41.10993;-8.650221;-0.1509748;0.7175037
1145564792;41.10857;-8.653121;-0.1510255;0.7174798
1145564793;41.10805;-8.654442;-0.1510485;0.7174708
1145564794;41.10689;-8.656379;-0.1510823;0.7174506
1145564795;41.10675;-8.657676;-0.1511049;0.7174481
1145564796;41.10669;-8.658583;-0.1511208;0.717447
1147305017;41.11115;-8.630739;-0.1506348;0.7175249
1147305029;41.1104;-8.636588;-0.1507369;0.7175118
1147305034;41.10966;-8.631383;-0.150646;0.717499
1147305060;41.11028;-8.637429;-0.1507516;0.7175097
1147305125;41.11088;-8.636507;-0.1507355;0.7175202
1147305189;41.11121;-8.639389;-0.1507858;0.7175259
1147305194;41.11191;-8.631066;-0.1506405;0.7175382
1147305228;41.11138;-8.629578;-0.1506145;0.7175289
1147305480;41.10805;-8.637047;-0.1507449;0.7174708
1147305524;41.10941;-8.639524;-0.1507881;0.7174946
1147305526;41.11102;-8.635916;-0.1507252;0.7175226
1147305535;41.1102;-8.636507;-0.1507355;0.7175083
1147305543;41.11173;-8.632047;-0.1506576;0.7175351
1147305548;41.10963;-8.634035;-0.1506923;0.7174984
1147305587;41.11184;-8.635977;-0.1507262;0.717537
1147305627;41.10999;-8.636408;-0.1507338;0.7175046
1147305629;41.10861;-8.637035;-0.1507447;0.7174807
1147305637;41.11127;-8.634564;-0.1507016;0.7175271
1147305676;41.11015;-8.636453;-0.1507345;0.7175075
1147305793;41.11228;-8.633462;-0.1506823;0.7175446
1147305810;41.10966;-8.632066;-0.150658;0.717499
1147305824;41.11025;-8.636553;-0.1507363;0.7175092
1147305853;41.10899;-8.637189;-0.1507474;0.7174872
1147305859;41.11195;-8.634774;-0.1507052;0.7175389
1147305916;41.11049;-8.634307;-0.1506971;0.7175133
1147305928;41.10956;-8.636298;-0.1507318;0.7174972
1147305970;41.1096;-8.640796;-0.1508103;0.7174979
1147306000;41.10909;-8.63654;-0.1507361;0.7174889
1147306021;41.10822;-8.636721;-0.1507392;0.7174737
1147306044;41.11297;-8.636068;-0.1507278;0.7175567
1147306140;41.10966;-8.642176;-0.1508344;0.7174989
1147306178;41.11074;-8.636665;-0.1507382;0.7175178
1147306362;41.11006;-8.642221;-0.1508352;0.7175059
1147306481;41.10969;-8.635352;-0.1507153;0.7174995
1147306483;41.11268;-8.632353;-0.150663;0.7175516
1147306542;41.10985;-8.63738;-0.1507507;0.7175022
1147306584;41.1093;-8.641264;-0.1508185;0.7174927
1147306608;41.11083;-8.636603;-0.1507372;0.7175193
1147306705;41.11096;-8.631786;-0.1506531;0.7175215
1147306802;41.11296;-8.631548;-0.1506489;0.7175566
1147306817;41.10995;-8.640505;-0.1508053;0.7175041
1147306848;41.10925;-8.636581;-0.1507368;0.7174917
1147306857;41.11075;-8.632897;-0.1506725;0.7175179
1147306939;41.10856;-8.640208;-0.1508001;0.7174797
1147306960;41.11015;-8.63154;-0.1506488;0.7175075
1147306988;41.11068;-8.640057;-0.1507974;0.7175168
1147307041;41.11211;-8.630019;-0.1506222;0.7175418
1147307054;41.10931;-8.636229;-0.1507306;0.7174928
1148143164;41.11557;-8.649547;-0.1509631;0.7176021
1148143190;41.11832;-8.646132;-0.1509035;0.7176501
1148143205;41.11543;-8.64924;-0.1509577;0.7175996
1148143211;41.11742;-8.646815;-0.1509154;0.7176344
1148143240;41.11551;-8.649176;-0.1509566;0.717601
1148143257;41.12244;-8.645552;-0.1508933;0.7177221
1148143283;41.1138;-8.65067;-0.1509827;0.7175712
1148143304;41.11561;-8.649523;-0.1509627;0.7176028
1148143325;41.11541;-8.649293;-0.1509586;0.7175992
1148143356;41.1143;-8.650702;-0.1509832;0.7175798
1148143361;41.1154;-8.6494;-0.1509605;0.7175991
1148143411;41.11233;-8.662277;-0.1511853;0.7175454
1148143425;41.11485;-8.650326;-0.1509767;0.7175895
1148143428;41.11568;-8.649378;-0.1509601;0.717604
1148143437;41.11799;-8.646312;-0.1509066;0.7176443
1148143452;41.11641;-8.648199;-0.1509396;0.7176167
1148143482;41.11541;-8.64945;-0.1509614;0.7175993
1148143501;41.11897;-8.645964;-0.1509005;0.7176614
1148143524;41.11406;-8.650718;-0.1509835;0.7175757
1148143528;41.11258;-8.650333;-0.1509768;0.7175499
1148143545;41.1108;-8.657922;-0.1511092;0.7175188
1148143547;41.11568;-8.649323;-0.1509591;0.7176039
1148143577;41.12267;-8.645425;-0.1508911;0.7177259
1148143620;41.11544;-8.649494;-0.1509622;0.7175997
1148143675;41.11469;-8.650486;-0.1509795;0.7175868
1148143688;41.11567;-8.64927;-0.1509582;0.7176037
1148143712;41.11765;-8.646586;-0.1509114;0.7176383
1148143785;41.11547;-8.649531;-0.1509628;0.7176004
1148143811;41.11859;-8.646039;-0.1509019;0.7176548
1148143854;41.11013;-8.649659;-0.150965;0.7175072
1148143857;41.11615;-8.662317;-0.151186;0.7176122
1148143881;41.11209;-8.65239;-0.1510127;0.7175413
1148143902;41.11564;-8.649225;-0.1509575;0.7176033
1148143962;41.12254;-8.645522;-0.1508928;0.7177238
1148144072;41.11552;-8.649549;-0.1509631;0.7176012
1148144107;41.11546;-8.649199;-0.150957;0.7176002
1148144157;41.1145;-8.650623;-0.1509819;0.7175834
1148144159;41.11555;-8.649173;-0.1509565;0.7176018
1148227737;41.11882;-8.652765;-0.1510192;0.7176588
1148227852;41.1146;-8.654028;-0.1510413;0.7175852
1148227868;41.11739;-8.656823;-0.1510901;0.7176338
1148227877;41.11754;-8.651767;-0.1510018;0.7176365
1148227893;41.1169;-8.649469;-0.1509617;0.7176253
1148227921;41.1153;-8.656639;-0.1510869;0.7175974
1148227922;41.11826;-8.651255;-0.1509929;0.717649
1148227964;41.11728;-8.655384;-0.1510649;0.7176318
1148227992;41.11687;-8.660181;-0.1511487;0.7176247
1148228001;41.11474;-8.65482;-0.1510551;0.7175876
1148228009;41.11721;-8.65443;-0.1510483;0.7176307
1148228014;41.11743;-8.657389;-0.1510999;0.7176345
1148228024;41.11764;-8.651828;-0.1510029;0.7176381
1148228063;41.11469;-8.656868;-0.1510908;0.7175868
1148228068;41.11629;-8.655536;-0.1510676;0.7176146
1148228088;41.1186;-8.649348;-0.1509596;0.7176549
1148228098;41.11585;-8.650347;-0.150977;0.717607
1148228122;41.11473;-8.657016;-0.1510934;0.7175875
1148228128;41.11583;-8.65594;-0.1510746;0.7176065
1148228137;41.11844;-8.649392;-0.1509604;0.7176522
1148228141;41.11709;-8.64949;-0.1509621;0.7176287
1148228142;41.11649;-8.660956;-0.1511622;0.7176181
1148228148;41.11459;-8.653728;-0.151036;0.717585
1148228154;41.11792;-8.6536;-0.1510338;0.7176431
1148228165;41.11606;-8.650005;-0.1509711;0.7176107
1148228205;41.11457;-8.65391;-0.1510392;0.7175846
1148228216;41.11729;-8.656078;-0.1510771;0.7176322
1148228223;41.11683;-8.650863;-0.150986;0.7176239
1148228241;41.11632;-8.649618;-0.1509643;0.7176152
1148228246;41.11565;-8.649481;-0.1509619;0.7176034
1148228262;41.11478;-8.65624;-0.1510799;0.7175882
1148228268;41.11678;-8.655148;-0.1510608;0.7176232
1148228288;41.11627;-8.649684;-0.1509655;0.7176142
1148228307;41.11723;-8.654795;-0.1510547;0.717631
1148228337;41.11757;-8.64956;-0.1509633;0.7176369
1148228339;41.11694;-8.65998;-0.1511452;0.717626
1148228345;41.11514;-8.652099;-0.1510076;0.7175945
1148228354;41.11866;-8.652975;-0.1510229;0.717656
1148228400;41.1147;-8.65663;-0.1510867;0.7175868
1148228407;41.11661;-8.655309;-0.1510636;0.7176202
1148228436;41.1167;-8.649494;-0.1509622;0.7176218
1148228453;41.1189;-8.65261;-0.1510165;0.7176601
1148228471;41.11476;-8.657697;-0.1511053;0.7175879
1148228473;41.1184;-8.650903;-0.1509867;0.7176515
1148228487;41.11731;-8.649522;-0.1509626;0.7176325
1148228498;41.11507;-8.652244;-0.1510101;0.7175934
1148228503;41.11847;-8.653179;-0.1510265;0.7176527
1148228552;41.11481;-8.654881;-0.1510562;0.7175888
1148228559;41.11751;-8.653921;-0.1510394;0.7176359
1148228565;41.1174;-8.658079;-0.151112;0.717634
1148228576;41.11773;-8.651799;-0.1510024;0.7176397
1148228594;41.11648;-8.649542;-0.150963;0.717618
1148228614;41.11521;-8.654855;-0.1510557;0.7175958
1148228620;41.11697;-8.654863;-0.1510559;0.7176265
1148228622;41.11847;-8.650824;-0.1509854;0.7176527
1148228638;41.11839;-8.649416;-0.1509608;0.7176514
1148228645;41.11576;-8.650526;-0.1509802;0.7176054
1148228665;41.11498;-8.657253;-0.1510976;0.7175918
1148228669;41.11554;-8.656305;-0.151081;0.7176016
1148228674;41.11733;-8.658488;-0.1511191;0.7176328
1148228688;41.11789;-8.649528;-0.1509627;0.7176425
1148228689;41.11641;-8.661182;-0.1511662;0.7176167
1148228698;41.11542;-8.651477;-0.1509968;0.7175995
1163401160;41.11719;-8.659044;-0.1511288;0.7176303
1163401274;41.11752;-8.646718;-0.1509137;0.717636
1163401649;41.11611;-8.645801;-0.1508977;0.7176114
1163401757;41.11699;-8.644844;-0.150881;0.7176268
1163401867;41.11687;-8.646106;-0.150903;0.7176248
1163402203;41.11712;-8.646309;-0.1509066;0.7176291
1163402290;41.11306;-8.660882;-0.1511609;0.7175582
1163402532;41.11599;-8.64593;-0.1508999;0.7176094
1163402676;41.1158;-8.644399;-0.1508732;0.7176061
1163403048;41.11658;-8.66078;-0.1511591;0.7176197
1163403193;41.11737;-8.646566;-0.150911;0.7176335
1163403255;41.11622;-8.645752;-0.1508968;0.7176135
1163403374;41.11633;-8.64576;-0.150897;0.7176153
1163403964;41.11593;-8.644415;-0.1508735;0.7176083
1163404180;41.11641;-8.644587;-0.1508765;0.7176167
1163404253;41.1167;-8.64596;-0.1509005;0.7176219
1163404339;41.1128;-8.661376;-0.1511695;0.7175537
1163404639;41.11747;-8.645098;-0.1508854;0.7176352
1163404872;41.11592;-8.645949;-0.1509003;0.7176083
1163405040;41.11646;-8.645821;-0.150898;0.7176176
1257550790;41.11619;-8.629348;-0.1506105;0.7176129
1262328347;41.11523;-8.649223;-0.1509574;0.7175962
1262328350;41.11126;-8.646424;-0.1509086;0.7175269
1262328353;41.11346;-8.631325;-0.150645;0.7175653
1262328354;41.11551;-8.645679;-0.1508956;0.7176009
1262328357;41.11438;-8.649941;-0.15097;0.7175814
1262328362;41.11102;-8.639532;-0.1507883;0.7175226
1262328363;41.11264;-8.650123;-0.1509731;0.7175509
1262328365;41.11495;-8.6408;-0.1508104;0.7175912
1262328371;41.11197;-8.646041;-0.1509019;0.7175392
1262328372;41.11209;-8.638334;-0.1507674;0.7175413
1262328374;41.11553;-8.646965;-0.150918;0.7176014
1262328377;41.11203;-8.639873;-0.1507942;0.7175403
1262328382;41.10916;-8.640999;-0.1508139;0.7174901
1262328383;41.11436;-8.643975;-0.1508658;0.7175809
1262328386;41.11572;-8.643739;-0.1508617;0.7176047
1262328387;41.11199;-8.647935;-0.1509349;0.7175395
1262328397;41.11786;-8.656664;-0.1510873;0.7176421
1262328403;41.11385;-8.638824;-0.1507759;0.717572
1262328411;41.11617;-8.652833;-0.1510204;0.7176124
1262328416;41.11377;-8.64979;-0.1509673;0.7175707
1262328418;41.11352;-8.647016;-0.1509189;0.7175663
1262328420;41.11543;-8.652414;-0.1510131;0.7175997
1262328425;41.11491;-8.645575;-0.1508937;0.7175905
1262328432;41.11341;-8.648791;-0.1509499;0.7175645
1262328436;41.11407;-8.648333;-0.1509419;0.717576
1262328439;41.1088;-8.641146;-0.1508164;0.7174839
1262328441;41.11298;-8.634977;-0.1507088;0.7175568
1262328447;41.11237;-8.648081;-0.1509375;0.7175462
1262328449;41.10825;-8.640725;-0.1508091;0.7174744
1262328450;41.11361;-8.639475;-0.1507873;0.7175679
1262328451;41.11797;-8.65575;-0.1510713;0.717644
1262328455;41.11472;-8.642296;-0.1508365;0.7175873
1262328464;41.11113;-8.646781;-0.1509148;0.7175246
1262328466;41.11677;-8.63332;-0.1506799;0.717623
1262328472;41.11187;-8.648945;-0.1509526;0.7175374
1262328474;41.11576;-8.656019;-0.151076;0.7176055
1262328478;41.11542;-8.64408;-0.1508677;0.7175995
1262328483;41.11511;-8.641679;-0.1508258;0.717594
1262328484;41.11086;-8.647536;-0.150928;0.7175198
1262328491;41.11258;-8.645222;-0.1508876;0.7175499
1262328493;41.11563;-8.65578;-0.1510719;0.7176031
1262328497;41.11515;-8.641027;-0.1508144;0.7175947
1262328500;41.112;-8.647217;-0.1509224;0.7175397
1262328506;41.11548;-8.645887;-0.1508992;0.7176005
1262328512;41.11515;-8.649251;-0.1509579;0.7175947
1262328519;41.11554;-8.645131;-0.150886;0.7176015
1262328525;41.11443;-8.649898;-0.1509692;0.7175821
1262328533;41.11287;-8.650068;-0.1509722;0.7175549
1262328548;41.11165;-8.638866;-0.1507767;0.7175337
1262328552;41.11595;-8.646041;-0.1509019;0.7176087
1262328556;41.11498;-8.633934;-0.1506906;0.7175918
1262328562;41.11419;-8.643915;-0.1508648;0.7175779
1262328565;41.11573;-8.643549;-0.1508584;0.7176049
1262328571;41.11359;-8.647017;-0.1509189;0.7175674
1262328575;41.11432;-8.643918;-0.1508648;0.7175803
1262328577;41.11355;-8.655805;-0.1510723;0.7175668
1262328579;41.1115;-8.648533;-0.1509454;0.717531
1262328581;41.11362;-8.648862;-0.1509511;0.7175681
1262328583;41.11143;-8.647717;-0.1509311;0.7175298
1262328585;41.11602;-8.652724;-0.1510185;0.7176099
1262328591;41.11524;-8.645825;-0.1508981;0.7175963
1262328598;41.1132;-8.64994;-0.1509699;0.7175606
1262328602;41.11366;-8.64702;-0.150919;0.7175686
1262328604;41.11363;-8.634906;-0.1507075;0.7175682
1262328606;41.11465;-8.645155;-0.1508864;0.7175861
1262328612;41.10873;-8.641258;-0.1508184;0.7174826
1262328613;41.1129;-8.635076;-0.1507105;0.7175555
1262328615;41.1138;-8.630467;-0.1506301;0.7175711
1262328616;41.11365;-8.655499;-0.1510669;0.7175685
1262328625;41.11178;-8.644715;-0.1508787;0.7175359
1262328626;41.10829;-8.640229;-0.1508005;0.717475
1262328628;41.11791;-8.655707;-0.1510706;0.717643
1262328632;41.11464;-8.642447;-0.1508391;0.7175859
1262328634;41.11597;-8.657171;-0.1510961;0.7176091
1262328642;41.1118;-8.648917;-0.1509521;0.7175363
1262328644;41.11489;-8.647113;-0.1509206;0.7175902
1262328649;41.11058;-8.6402;-0.1507999;0.717515
1262328657;41.11511;-8.641576;-0.150824;0.7175941
1262328659;41.11223;-8.645293;-0.1508888;0.7175437
1262328660;41.11504;-8.655404;-0.1510653;0.7175928
1262328663;41.11504;-8.640965;-0.1508133;0.7175928
1262328666;41.11273;-8.645137;-0.1508861;0.7175525
1262328668;41.11769;-8.653589;-0.1510336;0.7176391
1262328681;41.11502;-8.649252;-0.1509579;0.7175924
1262328683;41.11139;-8.646099;-0.1509029;0.7175291
1262328684;41.11691;-8.653623;-0.1510342;0.7176254
1262328686;41.11491;-8.632278;-0.1506617;0.7175905
1262328696;41.11472;-8.649228;-0.1509575;0.7175872
1262328710;41.11333;-8.649309;-0.1509589;0.717563
1262328723;41.11869;-8.63475;-0.1507048;0.7176566
1262328725;41.11309;-8.64983;-0.150968;0.7175589
1262328728;41.11588;-8.639328;-0.1507847;0.7176074
1262328729;41.11562;-8.643686;-0.1508608;0.717603
1262328739;41.11347;-8.648914;-0.150952;0.7175654
1262328740;41.11494;-8.642085;-0.1508328;0.7175912
1262328745;41.11201;-8.640203;-0.1508;0.71754
1262328749;41.1155;-8.63369;-0.1506863;0.7176009
1262328753;41.11075;-8.639184;-0.1507822;0.7175179
1262328755;41.11407;-8.643898;-0.1508645;0.7175759
1262328758;41.11583;-8.643351;-0.1508549;0.7176065
1262328760;41.11384;-8.64584;-0.1508984;0.7175719
1262328763;41.11432;-8.643833;-0.1508633;0.7175801
1262328765;41.11332;-8.655748;-0.1510713;0.7175628
1262328775;41.11584;-8.642742;-0.1508443;0.7176067
1262328778;41.11398;-8.629999;-0.1506219;0.7175743
1262328779;41.11381;-8.648734;-0.1509489;0.7175714
1262328783;41.11505;-8.641735;-0.1508267;0.717593
1262328785;41.11561;-8.652501;-0.1510146;0.7176027
1262328791;41.11504;-8.645713;-0.1508962;0.7175929
1262328799;41.113;-8.649974;-0.1509705;0.7175571
1262328802;41.11378;-8.646975;-0.1509182;0.7175709
1262328806;41.11021;-8.640421;-0.1508038;0.7175086
1262328807;41.11353;-8.63465;-0.1507031;0.7175665
1262328808;41.11452;-8.645024;-0.1508841;0.7175838
1262328814;41.1147;-8.647105;-0.1509205;0.7175869
1262328816;41.11066;-8.641356;-0.1508201;0.7175163
1262328820;41.1139;-8.630367;-0.1506283;0.717573
1262328826;41.10841;-8.639923;-0.1507951;0.7174771
1262328831;41.11382;-8.639587;-0.1507892;0.7175715
1262328835;41.11165;-8.647078;-0.15092;0.7175336
1262328839;41.11246;-8.640484;-0.1508049;0.7175479
1262328842;41.1168;-8.633675;-0.1506861;0.7176235
1262328845;41.11174;-8.648912;-0.150952;0.7175353
1262328846;41.11322;-8.647577;-0.1509287;0.717561
1262328854;41.11843;-8.650875;-0.1509863;0.717652
1262328856;41.11021;-8.639707;-0.1507913;0.7175084
1262328860;41.11517;-8.641115;-0.1508159;0.717595
1262328861;41.11195;-8.64747;-0.1509268;0.717539
1262328862;41.11192;-8.645235;-0.1508878;0.7175384
1262328867;41.11493;-8.640922;-0.1508125;0.7175909
1262328869;41.112;-8.646419;-0.1509085;0.7175397
1262328871;41.11746;-8.653644;-0.1510346;0.717635
1262328873;41.11634;-8.644883;-0.1508817;0.7176156
1262328876;41.1167;-8.653638;-0.1510345;0.7176217
1262328877;41.11423;-8.631289;-0.1506444;0.7175787
1262328878;41.11517;-8.647558;-0.1509284;0.7175952
1262328881;41.11416;-8.649216;-0.1509573;0.7175775
1262328884;41.11356;-8.633897;-0.1506899;0.717567
1262328887;41.11286;-8.649279;-0.1509584;0.7175547
1262328891;41.11324;-8.649553;-0.1509632;0.7175615
1262328892;41.11473;-8.642909;-0.1508472;0.7175874
1262328895;41.11177;-8.643481;-0.1508572;0.7175359
1262328897;41.1126;-8.638757;-0.1507747;0.7175502
1262328899;41.11493;-8.642033;-0.1508319;0.7175908
1262328901;41.11398;-8.63544;-0.1507169;0.7175744
1262328902;41.1157;-8.64595;-0.1509003;0.7176043
1262328905;41.11588;-8.633536;-0.1506836;0.7176074
1262328907;41.11082;-8.639385;-0.1507857;0.7175192
1262328908;41.11384;-8.643829;-0.1508633;0.7175719
1262328910;41.11589;-8.643153;-0.1508515;0.7176077
1262328911;41.11626;-8.654138;-0.1510432;0.7176141
1262328912;41.11435;-8.64377;-0.1508622;0.7175808
1262328913;41.11325;-8.656657;-0.1510872;0.7175615
1262328915;41.11574;-8.642535;-0.1508407;0.7176051
1262328917;41.11395;-8.648541;-0.1509455;0.7175737
1262328923;41.1148;-8.647146;-0.1509212;0.7175886
1262328928;41.1139;-8.646964;-0.150918;0.717573
1262328929;41.11044;-8.641016;-0.1508142;0.7175125
1262328930;41.11353;-8.634433;-0.1506993;0.7175665
1262328931;41.11433;-8.644914;-0.1508822;0.7175804
1262328936;41.11078;-8.641245;-0.1508182;0.7175184
1262328943;41.10845;-8.639884;-0.1507944;0.7174777
1262328946;41.11422;-8.639938;-0.1507954;0.7175785
1262328950;41.11205;-8.640563;-0.1508063;0.7175406
1262328951;41.11819;-8.651325;-0.1509941;0.7176479
1262328952;41.11826;-8.63361;-0.1506849;0.7176491
1262328954;41.11209;-8.646241;-0.1509054;0.7175414
1262328955;41.11172;-8.648893;-0.1509517;0.7175348
1262328956;41.11008;-8.64008;-0.1507979;0.7175063
1262328958;41.11483;-8.644231;-0.1508703;0.7175891
1262328965;41.11536;-8.64434;-0.1508722;0.7175983
1262328967;41.11187;-8.648407;-0.1509432;0.7175375
1262328968;41.11206;-8.646888;-0.1509167;0.7175409
1262328969;41.11452;-8.65657;-0.1510857;0.7175838
1262328980;41.11717;-8.653644;-0.1510346;0.71763
1262328984;41.1161;-8.64567;-0.1508954;0.7176114
1262328986;41.1142;-8.638973;-0.1507785;0.7175781
1262328987;41.11431;-8.649146;-0.1509561;0.71758
1262328989;41.11148;-8.645756;-0.1508969;0.7175308
1262328991;41.11657;-8.653625;-0.1510343;0.7176194
1262328992;41.11384;-8.63101;-0.1506395;0.7175719
1262328998;41.114;-8.649606;-0.1509641;0.7175747
1262329006;41.11266;-8.649295;-0.1509587;0.7175514
1262329008;41.10904;-8.640971;-0.1508134;0.7174882
1262329014;41.11337;-8.649219;-0.1509573;0.7175636
1262329016;41.11494;-8.642157;-0.1508341;0.7175911
1262329019;41.11132;-8.649092;-0.1509551;0.717528
1262329020;41.11206;-8.64369;-0.1508608;0.7175407
1262329022;41.11269;-8.638839;-0.1507762;0.7175517
1262329024;41.11793;-8.656463;-0.1510838;0.7176433
1262329026;41.11489;-8.641989;-0.1508312;0.7175902
1262329032;41.11211;-8.638136;-0.1507639;0.7175416
1262329039;41.11591;-8.634395;-0.1506986;0.7176079
1262329044;41.11589;-8.642939;-0.1508477;0.7176077
1262329045;41.11634;-8.654048;-0.1510416;0.7176154
1262329048;41.1144;-8.643747;-0.1508618;0.7175816
1262329054;41.11562;-8.642301;-0.1508366;0.7176028
1262329062;41.11424;-8.64806;-0.1509371;0.7175789
1262329065;41.11153;-8.647413;-0.1509258;0.7175316
1262329066;41.11364;-8.641048;-0.1508147;0.7175683
1262329069;41.11495;-8.647047;-0.1509194;0.7175912
1262329081;41.11274;-8.640791;-0.1508103;0.7175526
1262329083;41.11463;-8.647079;-0.15092;0.7175856
1262329084;41.11061;-8.641347;-0.15082;0.7175155
1262329085;41.11369;-8.631373;-0.1506459;0.7175692
1262329086;41.11395;-8.644752;-0.1508794;0.7175738
1262329092;41.11397;-8.649649;-0.1509648;0.7175742
1262329104;41.11453;-8.64025;-0.1508008;0.7175839
1262329116;41.11217;-8.646237;-0.1509053;0.7175427
1262329117;41.11173;-8.648783;-0.1509497;0.7175351
1262329118;41.11755;-8.646675;-0.150913;0.7176366
1262329119;41.10917;-8.640881;-0.1508118;0.7174903
1262329120;41.11336;-8.631227;-0.1506433;0.7175635
1262329122;41.11473;-8.644179;-0.1508694;0.7175874
1262329127;41.11193;-8.648198;-0.1509395;0.7175385
1262329128;41.11429;-8.6564;-0.1510827;0.7175797
1262329129;41.10923;-8.641022;-0.1508143;0.7174914
1262329134;41.11192;-8.645634;-0.1508948;0.7175384
1262329139;41.11417;-8.638911;-0.1507774;0.7175777
1262329140;41.11423;-8.649159;-0.1509563;0.7175786
1262329143;41.11647;-8.653386;-0.1510301;0.7176178
1262329146;41.11395;-8.649694;-0.1509656;0.7175737
1262329151;41.11254;-8.649285;-0.1509585;0.7175491
1262329153;41.10894;-8.641088;-0.1508154;0.7174864
1262329154;41.11325;-8.634067;-0.1506929;0.7175616
1262329160;41.11327;-8.648577;-0.1509461;0.717562
1262329161;41.1129;-8.639151;-0.1507816;0.7175555
1262329162;41.11795;-8.656295;-0.1510808;0.7176436
1262329165;41.11192;-8.646292;-0.1509063;0.7175384
1262329167;41.11206;-8.638083;-0.150763;0.7175409
1262329171;41.11188;-8.646396;-0.1509081;0.7175377
1262329174;41.11196;-8.649038;-0.1509542;0.7175391
1262329175;41.11641;-8.653894;-0.1510389;0.7176167
1262329177;41.11447;-8.64375;-0.1508619;0.7175828
1262329180;41.11547;-8.642084;-0.1508328;0.7176003
1262329182;41.11186;-8.647879;-0.150934;0.7175373
1262329183;41.11568;-8.655917;-0.1510743;0.717604
1262329185;41.11449;-8.647749;-0.1509317;0.7175832
1262329188;41.11337;-8.641024;-0.1508143;0.7175636
1262329190;41.11654;-8.655947;-0.1510748;0.7176191
1262329194;41.11503;-8.646926;-0.1509173;0.7175927
1262329198;41.11533;-8.649237;-0.1509577;0.7175979
1262329201;41.11177;-8.646729;-0.1509139;0.7175357
1262329204;41.1136;-8.631355;-0.1506456;0.7175676
1262329205;41.1137;-8.644572;-0.1508763;0.7175695
1262329208;41.11433;-8.649934;-0.1509698;0.7175804
1262329212;41.11326;-8.631088;-0.1506409;0.7175618
1262329213;41.11563;-8.644372;-0.1508728;0.7176031
1262329227;41.10909;-8.640519;-0.1508055;0.7174889
1262329229;41.11492;-8.640716;-0.1508089;0.7175907
1262329231;41.11275;-8.644871;-0.1508815;0.7175528
1262329244;41.11181;-8.648587;-0.1509463;0.7175365
1262329246;41.11327;-8.647352;-0.1509248;0.717562
1262329255;41.10911;-8.640944;-0.1508129;0.7174893
1262329257;41.11449;-8.64404;-0.150867;0.7175832
1262329264;41.11197;-8.648067;-0.1509372;0.7175392
1262329266;41.11406;-8.656191;-0.151079;0.7175757
1262329268;41.10941;-8.64096;-0.1508132;0.7174945
1262329272;41.11192;-8.64478;-0.1508799;0.7175384
1262329277;41.11394;-8.638902;-0.1507773;0.7175736
1262329279;41.11172;-8.647828;-0.1509331;0.717535
1262329281;41.1163;-8.653012;-0.1510236;0.7176148
1262329282;41.11353;-8.637894;-0.1507597;0.7175664
1262329285;41.11386;-8.649761;-0.1509668;0.7175723
1262329287;41.11337;-8.646943;-0.1509176;0.7175637
1262329292;41.11201;-8.64905;-0.1509544;0.71754
1262329294;41.11171;-8.648856;-0.150951;0.7175348
1262329295;41.11605;-8.654199;-0.1510443;0.7176104
1262329296;41.10888;-8.641106;-0.1508157;0.7174853
1262329297;41.11306;-8.633836;-0.1506889;0.7175582
1262329299;41.11438;-8.628022;-0.1505874;0.7175814
1262329303;41.11309;-8.648464;-0.1509442;0.7175587
1262329305;41.10835;-8.640912;-0.1508124;0.717476
1262329306;41.11798;-8.65582;-0.1510726;0.7176442
1262329307;41.11299;-8.639215;-0.1507827;0.7175571
1262329310;41.112;-8.646264;-0.1509058;0.7175397
1262329311;41.11179;-8.637978;-0.1507612;0.7175361
1262329312;41.11728;-8.655655;-0.1510697;0.7176319
1262329316;41.11591;-8.63341;-0.1506814;0.717608
1262329320;41.11191;-8.648981;-0.1509532;0.7175382
1262329322;41.11486;-8.643971;-0.1508658;0.7175896
1262329327;41.11414;-8.658847;-0.1511254;0.7175772
1262329328;41.11525;-8.64187;-0.1508291;0.7175965
1262329330;41.11261;-8.644851;-0.1508811;0.7175503
1262329331;41.11566;-8.655851;-0.1510731;0.7176037
1262329335;41.11296;-8.640916;-0.1508124;0.7175566
1262329337;41.11672;-8.655424;-0.1510656;0.7176222
1262329339;41.11546;-8.646025;-0.1509016;0.7176
1263990230;41.1108;-8.655137;-0.1510606;0.7175189
1263990236;41.10884;-8.655718;-0.1510708;0.7174847
1263990251;41.10831;-8.656127;-0.1510779;0.7174753
1263990255;41.11193;-8.650882;-0.1509864;0.7175385
1263990270;41.1091;-8.654327;-0.1510465;0.7174892
1263990275;41.10765;-8.655561;-0.151068;0.7174639
1263990279;41.10674;-8.657992;-0.1511105;0.7174479
1263990282;41.11019;-8.651895;-0.151004;0.7175081
1263990288;41.11179;-8.651165;-0.1509913;0.7175361
1263990297;41.10939;-8.65665;-0.151087;0.7174942
1263990299;41.10896;-8.65596;-0.151075;0.7174867
1263990307;41.11084;-8.654966;-0.1510577;0.7175196
1263990309;41.10863;-8.655893;-0.1510738;0.717481
1263990314;41.11153;-8.650549;-0.1509806;0.7175315
1263990319;41.11311;-8.660779;-0.1511591;0.7175592
1263990323;41.10898;-8.656623;-0.1510866;0.7174871
1263990325;41.11076;-8.652932;-0.1510222;0.7175182
1263990327;41.1119;-8.650744;-0.150984;0.7175381
1263990332;41.10716;-8.655911;-0.1510742;0.7174553
1263990338;41.10804;-8.655696;-0.1510704;0.7174706
1263990343;41.10905;-8.655103;-0.15106;0.7174883
1263990354;41.10685;-8.656539;-0.1510851;0.7174498
1263990358;41.11065;-8.655732;-0.151071;0.7175162
1263990371;41.11019;-8.656341;-0.1510817;0.7175082
1263990374;41.10878;-8.655785;-0.1510719;0.7174836
1263990378;41.10674;-8.658266;-0.1511153;0.7174479
1263990383;41.10832;-8.656023;-0.1510761;0.7174755
1263990387;41.11128;-8.650836;-0.1509856;0.7175272
1263990398;41.11114;-8.651354;-0.1509946;0.7175248
1263990402;41.11182;-8.650652;-0.1509824;0.7175366
1263990404;41.10653;-8.65609;-0.1510773;0.7174442
1263990411;41.10915;-8.652005;-0.151006;0.7174901
1263990412;41.10794;-8.655528;-0.1510675;0.7174689
1263990416;41.10901;-8.655375;-0.1510648;0.7174876
1263990422;41.10749;-8.655434;-0.1510658;0.717461
1263990425;41.11148;-8.65226;-0.1510104;0.7175306
1263990432;41.10903;-8.652432;-0.1510134;0.7174879
1263990435;41.11044;-8.656116;-0.1510777;0.7175125
1263990451;41.10747;-8.656462;-0.1510838;0.7174608
1263990456;41.11038;-8.65093;-0.1509872;0.7175115
1263990464;41.11051;-8.65157;-0.1509984;0.7175137
1263990486;41.1115;-8.651881;-0.1510038;0.7175311
1263990489;41.11063;-8.655911;-0.1510742;0.7175158
1263990499;41.1119;-8.651022;-0.1509888;0.717538
1263990510;41.10916;-8.654146;-0.1510433;0.7174901
1263990512;41.10976;-8.651451;-0.1509963;0.7175007
1263990518;41.11029;-8.651767;-0.1510018;0.7175099
1263990527;41.11037;-8.654779;-0.1510544;0.7175112
1263990533;41.10924;-8.656665;-0.1510873;0.7174916
1263990539;41.10806;-8.655712;-0.1510707;0.717471
1263990549;41.1114;-8.651608;-0.1509991;0.7175293
1263990559;41.11193;-8.650804;-0.150985;0.7175385
1263990571;41.10907;-8.65453;-0.15105;0.7174885
1263990577;41.10681;-8.656938;-0.1510921;0.7174491
1263990582;41.11009;-8.652056;-0.1510069;0.7175065
1263990583;41.10674;-8.658131;-0.1511129;0.7174479
1263990585;41.11165;-8.651134;-0.1509908;0.7175336
1263990589;41.10783;-8.655707;-0.1510706;0.7174671
1263990594;41.11009;-8.656393;-0.1510826;0.7175065
1263990600;41.11086;-8.65517;-0.1510612;0.7175198
1263990602;41.1089;-8.655648;-0.1510696;0.7174856
1263990608;41.11147;-8.650583;-0.1509812;0.7175305
1263990619;41.10825;-8.656045;-0.1510765;0.7174744
1263990622;41.11187;-8.650696;-0.1509831;0.7175375
1263990623;41.10671;-8.655898;-0.1510739;0.7174475
1263990633;41.10799;-8.655656;-0.1510697;0.7174697
1263990635;41.10905;-8.655239;-0.1510624;0.7174882
1263990648;41.10697;-8.656185;-0.1510789;0.717452
1263990651;41.11074;-8.655418;-0.1510655;0.7175177
1263990659;41.11174;-8.651166;-0.1509913;0.7175351
1263990668;41.11031;-8.656268;-0.1510804;0.7175102
1263990683;41.10874;-8.655826;-0.1510727;0.7174828
1263990686;41.11124;-8.650869;-0.1509861;0.7175265
1263990693;41.10878;-8.656526;-0.1510849;0.7174836
1263990694;41.11127;-8.653123;-0.1510255;0.7175271
1263990698;41.11158;-8.650547;-0.1509805;0.7175325
1263990699;41.11132;-8.655198;-0.1510617;0.7175278
1263990701;41.10576;-8.656119;-0.1510778;0.7174309
1263990715;41.10954;-8.651181;-0.1509916;0.7174968
1263990718;41.10789;-8.65549;-0.1510668;0.717468
1263990722;41.10897;-8.655517;-0.1510673;0.7174868
1263990730;41.10769;-8.6551;-0.15106;0.7174646
1263990740;41.11151;-8.652064;-0.151007;0.7175311
1263990743;41.10683;-8.656702;-0.151088;0.7174495
1263990745;41.10968;-8.65295;-0.1510225;0.7174993
1263990747;41.11028;-8.657352;-0.1510993;0.7175097
1263990756;41.11057;-8.655926;-0.1510744;0.7175147
1263990766;41.10894;-8.655904;-0.151074;0.7174864
1263990774;41.10652;-8.659661;-0.1511396;0.7174441
1263990775;41.10997;-8.654583;-0.151051;0.7175043
1263990784;41.10844;-8.655977;-0.1510753;0.7174776
1263990789;41.11016;-8.651408;-0.1509956;0.7175076
1263990807;41.11122;-8.651393;-0.1509953;0.7175261
1263990838;41.10836;-8.653552;-0.151033;0.7174763
1263990848;41.11147;-8.651742;-0.1510014;0.7175304
1263990855;41.10724;-8.65637;-0.1510822;0.7174568
1263990868;41.10923;-8.652586;-0.1510161;0.7174913
1263990886;41.11105;-8.651365;-0.1509948;0.7175231
1263990896;41.11162;-8.651161;-0.1509912;0.7175332
1263990906;41.10814;-8.655706;-0.1510706;0.7174723
1263990915;41.11091;-8.655181;-0.1510614;0.7175207
1263990921;41.1113;-8.651473;-0.1509967;0.7175276
1263990933;41.10799;-8.655807;-0.1510723;0.7174697
1263990939;41.11185;-8.651104;-0.1509902;0.7175372
1263990958;41.10971;-8.656532;-0.151085;0.7174998
1263990963;41.10923;-8.653951;-0.1510399;0.7174914
1263990986;41.1104;-8.651641;-0.1509996;0.717512
1263990997;41.11168;-8.651132;-0.1509907;0.7175342
1263991007;41.1091;-8.656655;-0.1510871;0.7174892
1263991019;41.10984;-8.65261;-0.1510165;0.7175021
1300651638;41.10511;-8.654622;-0.1510517;0.7174194
1300651640;41.10831;-8.641397;-0.1508208;0.7174754
1300651649;41.1082;-8.647308;-0.150924;0.7174734
1300651655;41.10841;-8.641533;-0.1508232;0.717477
1300651660;41.10937;-8.641715;-0.1508264;0.7174938
1300651662;41.10947;-8.642855;-0.1508463;0.7174956
1300651668;41.10724;-8.643208;-0.1508524;0.7174568
1300651678;41.10724;-8.644267;-0.1508709;0.7174566
1300651685;41.10693;-8.646301;-0.1509064;0.7174513
1300651688;41.11049;-8.642459;-0.1508394;0.7175134
1300651704;41.10613;-8.641542;-0.1508234;0.7174373
1300651705;41.10671;-8.644346;-0.1508723;0.7174474
1300651709;41.1081;-8.64521;-0.1508874;0.7174717
1300651727;41.10828;-8.641424;-0.1508213;0.7174748
1300651729;41.10846;-8.646675;-0.150913;0.717478
1300651750;41.10852;-8.641383;-0.1508206;0.7174791
1300651754;41.10863;-8.641613;-0.1508246;0.7174809
1300651757;41.10572;-8.651095;-0.1509901;0.7174301
1300651766;41.10645;-8.654724;-0.1510534;0.7174429
1300651780;41.10836;-8.640927;-0.1508126;0.7174763
1300651781;41.10828;-8.646639;-0.1509123;0.7174748
1300651782;41.10889;-8.642511;-0.1508403;0.7174855
1300651785;41.10712;-8.640035;-0.1507971;0.7174546
1300651801;41.10831;-8.645798;-0.1508976;0.7174754
1300651826;41.10664;-8.641522;-0.150823;0.7174463
1300651828;41.10725;-8.641995;-0.1508313;0.7174569
1300651831;41.10619;-8.648705;-0.1509484;0.7174384
1300651834;41.10586;-8.654655;-0.1510522;0.7174326
1300651841;41.10675;-8.641813;-0.1508281;0.7174482
1300651853;41.10838;-8.641399;-0.1508209;0.7174765
1300651855;41.10728;-8.648866;-0.1509512;0.7174574
1300651856;41.10843;-8.641526;-0.1508231;0.7174775
1300651862;41.10952;-8.640929;-0.1508127;0.7174964
1300651864;41.10919;-8.642734;-0.1508442;0.7174907
1300651875;41.1092;-8.642443;-0.1508391;0.7174908
1300651877;41.10732;-8.642947;-0.1508479;0.7174581
1300651880;41.10725;-8.644086;-0.1508678;0.7174568
1300651890;41.10812;-8.646978;-0.1509182;0.7174721
1300651901;41.11034;-8.642298;-0.1508366;0.7175109
1300651905;41.10641;-8.644239;-0.1508704;0.7174422
1300651909;41.10748;-8.644691;-0.1508783;0.7174608
1300651912;41.10616;-8.641709;-0.1508263;0.7174378
1300651921;41.10822;-8.641739;-0.1508268;0.7174737
1300651930;41.10735;-8.642005;-0.1508314;0.7174587
1300651938;41.10855;-8.641355;-0.1508201;0.7174795
1300651940;41.10823;-8.647155;-0.1509213;0.7174739
1300651942;41.1088;-8.641621;-0.1508247;0.7174838
1300651946;41.10934;-8.641667;-0.1508255;0.7174934
1300651950;41.1095;-8.642885;-0.1508468;0.7174961
1300651956;41.10639;-8.644208;-0.1508699;0.7174419
1300651962;41.10721;-8.64438;-0.1508729;0.7174562
1300651968;41.10672;-8.646174;-0.1509042;0.7174477
1300651975;41.10905;-8.642585;-0.1508416;0.7174882
1300651988;41.10667;-8.644511;-0.1508752;0.7174468
1300652001;41.10806;-8.645423;-0.1508911;0.717471
1300652022;41.10928;-8.641969;-0.1508308;0.7174923
1300652031;41.10658;-8.646078;-0.1509025;0.7174452
1300652035;41.10698;-8.641096;-0.1508156;0.717452
1300652050;41.10784;-8.641935;-0.1508302;0.7174671
1300652054;41.10695;-8.641867;-0.150829;0.7174517
1300652062;41.10743;-8.648732;-0.1509489;0.7174599
1300652073;41.10926;-8.642758;-0.1508446;0.717492
1300652077;41.10922;-8.642342;-0.1508373;0.7174913
1300652079;41.10708;-8.640534;-0.1508058;0.717454
1300652080;41.10656;-8.643656;-0.1508602;0.7174447
1300652096;41.10845;-8.645802;-0.1508977;0.7174779
1300652101;41.1078;-8.646756;-0.1509144;0.7174665
1300652103;41.1095;-8.643173;-0.1508518;0.7174961
1300652106;41.10645;-8.644254;-0.1508707;0.7174428
1300652108;41.10775;-8.644897;-0.1508819;0.7174656
1300652120;41.10649;-8.641572;-0.1508239;0.7174435
1300652125;41.10827;-8.641592;-0.1508242;0.7174746
1300652128;41.10639;-8.648791;-0.1509499;0.7174418
1300652151;41.10747;-8.642028;-0.1508318;0.7174606
1300652155;41.10844;-8.641408;-0.150821;0.7174776
1300652157;41.1082;-8.647068;-0.1509198;0.7174734
1300652160;41.10846;-8.641529;-0.1508231;0.717478
1300652171;41.10946;-8.641893;-0.1508295;0.7174955
1300652179;41.10951;-8.642928;-0.1508476;0.7174963
1300652187;41.10636;-8.651416;-0.1509957;0.7174413
1300652190;41.10741;-8.642599;-0.1508418;0.7174596
1300652196;41.10722;-8.643677;-0.1508606;0.7174563
1300652203;41.10848;-8.64108;-0.1508153;0.7174784
1300652214;41.1087;-8.641611;-0.1508246;0.7174821
1300652228;41.10627;-8.640869;-0.1508116;0.7174398
1300652230;41.10664;-8.644855;-0.1508812;0.7174461
1300652240;41.10805;-8.645578;-0.1508938;0.7174708
1300652259;41.10792;-8.6488;-0.15095;0.7174685
1300652274;41.10692;-8.641228;-0.1508179;0.7174512
1300652276;41.10855;-8.64126;-0.1508184;0.7174796
1300652278;41.10579;-8.648463;-0.1509442;0.7174313
1300652288;41.10886;-8.641603;-0.1508244;0.717485
1300652303;41.10694;-8.64897;-0.150953;0.7174514
1300652308;41.10804;-8.64884;-0.1509507;0.7174706
1300652321;41.10704;-8.640818;-0.1508107;0.7174532
1300652325;41.10685;-8.643497;-0.1508575;0.7174498
1300652334;41.1068;-8.645994;-0.1509011;0.717449
1300652352;41.10805;-8.64188;-0.1508293;0.7174708
1300652355;41.10675;-8.64895;-0.1509527;0.7174482
1300652365;41.10632;-8.643731;-0.1508616;0.7174405
1300652373;41.10715;-8.641966;-0.1508308;0.7174551
1300652379;41.10848;-8.641407;-0.150821;0.7174784
1300652396;41.1081;-8.647532;-0.1509279;0.7174718
1300652397;41.10858;-8.641597;-0.1508243;0.71748
1300652401;41.10936;-8.642749;-0.1508444;0.7174936
1300652408;41.10751;-8.642302;-0.1508366;0.7174614
1300652411;41.10722;-8.64344;-0.1508565;0.7174564
1300652434;41.10842;-8.641;-0.1508139;0.7174773
1300652435;41.10746;-8.646617;-0.1509119;0.7174605
1300652436;41.10949;-8.643246;-0.1508531;0.7174959
1300652437;41.10879;-8.642427;-0.1508388;0.7174838
1300652442;41.10669;-8.644297;-0.1508714;0.7174472
1300652468;41.10809;-8.645061;-0.1508848;0.7174716
1300652474;41.10825;-8.641467;-0.1508221;0.7174743
1300652495;41.10758;-8.648458;-0.1509441;0.7174626
1300652507;41.10762;-8.642076;-0.1508327;0.7174633
1300652510;41.10854;-8.641175;-0.150817;0.7174793
1300652527;41.10933;-8.641866;-0.150829;0.7174932
1300652531;41.10683;-8.651656;-0.1509999;0.7174495
1300652536;41.10716;-8.648935;-0.1509524;0.7174553
1300652547;41.10812;-8.646633;-0.1509122;0.7174721
1300652550;41.10911;-8.642673;-0.1508431;0.7174893
1300652553;41.10915;-8.642518;-0.1508404;0.71749
1300652558;41.10651;-8.640533;-0.1508058;0.7174439
1300652561;41.10811;-8.645679;-0.1508956;0.7174718
1300652599;41.10673;-8.641445;-0.1508217;0.7174478
1300652604;41.10817;-8.641862;-0.1508289;0.7174729
1300652607;41.10595;-8.648573;-0.1509461;0.7174342
1300652609;41.10568;-8.654654;-0.1510522;0.7174295
1328039950;41.107;-8.632814;-0.150671;0.7174525
1328039952;41.10976;-8.632367;-0.1506632;0.7175007
1328039955;41.10721;-8.63223;-0.1506608;0.7174562
1328039978;41.10788;-8.633559;-0.150684;0.7174678
1328039979;41.10709;-8.636431;-0.1507342;0.717454
1328039992;41.10809;-8.63129;-0.1506444;0.7174714
1328040001;41.1096;-8.632694;-0.1506689;0.7174979
1328040004;41.10773;-8.635923;-0.1507253;0.7174652
1328040209;41.10992;-8.632621;-0.1506677;0.7175034
1328040217;41.10846;-8.633751;-0.1506874;0.7174779
1328040223;41.10656;-8.638784;-0.1507752;0.7174447
1328040241;41.10969;-8.632359;-0.1506631;0.7174994
1328040262;41.10978;-8.632722;-0.1506694;0.717501
1328040265;41.10801;-8.628411;-0.1505942;0.71747
1328040460;41.10984;-8.632483;-0.1506652;0.7175021
1328040462;41.10736;-8.633821;-0.1506886;0.7174588
1328040475;41.10711;-8.635211;-0.1507129;0.7174545
1328040479;41.10694;-8.635173;-0.1507122;0.7174515
1328040481;41.10749;-8.632828;-0.1506713;0.7174611
1328040487;41.10981;-8.63269;-0.1506689;0.7175015
1328040777;41.10662;-8.638808;-0.1507756;0.717446
1328040797;41.10957;-8.632487;-0.1506653;0.7174973
1328041237;41.10708;-8.632452;-0.1506647;0.717454
1328041451;41.10614;-8.637874;-0.1507593;0.7174376
1328041468;41.10843;-8.631293;-0.1506445;0.7174774
1328041475;41.10962;-8.632385;-0.1506635;0.7174983
1328041499;41.10706;-8.634813;-0.1507059;0.7174535
1328041500;41.10682;-8.636038;-0.1507273;0.7174494
1328041521;41.1067;-8.6358;-0.1507231;0.7174473
1328041809;41.10746;-8.638852;-0.1507764;0.7174605
1328041814;41.10825;-8.636272;-0.1507314;0.7174743
1328041835;41.10646;-8.638543;-0.150771;0.7174432
1328041840;41.10894;-8.63229;-0.1506619;0.7174864
1328041854;41.10682;-8.635024;-0.1507096;0.7174494
1328041857;41.10702;-8.63247;-0.150665;0.7174528
1328041886;41.10684;-8.636982;-0.1507438;0.7174497
1328041904;41.10846;-8.63069;-0.1506339;0.717478
1328041914;41.10972;-8.632354;-0.150663;0.7175
1328041928;41.10741;-8.635657;-0.1507207;0.7174596
1328042202;41.10703;-8.638824;-0.1507759;0.717453
1328042217;41.10774;-8.634825;-0.1507061;0.7174655
1328042233;41.10928;-8.63064;-0.1506331;0.7174923
1328042408;41.10985;-8.632596;-0.1506672;0.7175023
1328042478;41.10956;-8.632517;-0.1506658;0.7174972
1328042490;41.10719;-8.632346;-0.1506629;0.7174557
1328042565;41.108;-8.633225;-0.1506782;0.7174699
1328042567;41.1071;-8.636657;-0.1507381;0.7174542
1328042624;41.10956;-8.632583;-0.150667;0.7174972
1328042644;41.10798;-8.634439;-0.1506994;0.7174696
1328042653;41.10718;-8.6388;-0.1507755;0.7174556
1328042674;41.10758;-8.638886;-0.150777;0.7174627
1328042695;41.10971;-8.632747;-0.1506699;0.7174997
1328042707;41.10624;-8.638016;-0.1507618;0.7174392
1328042711;41.10775;-8.632996;-0.1506742;0.7174655
1328042972;41.10986;-8.632557;-0.1506665;0.7175024
1328042976;41.10707;-8.636869;-0.1507418;0.7174537
1328043023;41.1069;-8.635503;-0.150718;0.7174508
1328043212;41.10672;-8.638816;-0.1507758;0.7174476
1328043216;41.10899;-8.631345;-0.1506454;0.7174872
1328043247;41.10653;-8.632351;-0.1506629;0.7174442
1328043287;41.10963;-8.632723;-0.1506694;0.7174985
1328043288;41.10651;-8.637513;-0.1507531;0.7174439
1328043302;41.10838;-8.631713;-0.1506518;0.7174767
1328043315;41.10703;-8.636276;-0.1507315;0.7174531
1328043479;41.10828;-8.632233;-0.1506609;0.7174749
1328043490;41.10702;-8.633461;-0.1506823;0.7174529
1328043491;41.10983;-8.632433;-0.1506644;0.7175018
1328043492;41.10696;-8.632483;-0.1506653;0.7174519
1328043517;41.10672;-8.637032;-0.1507446;0.7174475
1328043533;41.10819;-8.630831;-0.1506364;0.7174733
1328043539;41.10979;-8.632391;-0.1506636;0.7175013
1328043563;41.10676;-8.635718;-0.1507217;0.7174483
1328043710;41.10772;-8.635395;-0.1507161;0.717465
1328043729;41.10952;-8.630342;-0.1506279;0.7174965
1328043971;41.1096;-8.632417;-0.1506641;0.7174978
1328043974;41.10778;-8.629446;-0.1506122;0.7174661
1328044505;41.10662;-8.637174;-0.1507471;0.7174458
1328044552;41.10701;-8.635123;-0.1507113;0.7174526
1328044586;41.10975;-8.632741;-0.1506698;0.7175004
1328044859;41.10878;-8.632813;-0.150671;0.7174836
1328044880;41.10732;-8.63881;-0.1507757;0.7174581
1328044894;41.10757;-8.635777;-0.1507227;0.7174625
1328045029;41.10772;-8.638214;-0.1507653;0.717465
1328045050;41.10966;-8.632361;-0.1506631;0.717499
1328045150;41.10762;-8.634054;-0.1506927;0.7174633
1328045151;41.10702;-8.63694;-0.150743;0.7174528
1328045170;41.10691;-8.635357;-0.1507154;0.7174509
1328045172;41.10796;-8.632021;-0.1506572;0.7174693
1328045190;41.108;-8.636112;-0.1507286;0.7174699
1328045215;41.10651;-8.6387;-0.1507738;0.7174439
1328045218;41.10904;-8.631189;-0.1506427;0.7174882
1328157245;41.10957;-8.632638;-0.150668;0.7174974
1328157249;41.10635;-8.637703;-0.1507564;0.7174411
1328157609;41.10628;-8.632245;-0.1506611;0.7174399
1328158000;41.10727;-8.635404;-0.1507162;0.7174571
1328158017;41.10691;-8.635225;-0.1507131;0.7174509
1328158028;41.10667;-8.635916;-0.1507252;0.7174467
1328158457;41.10853;-8.636356;-0.1507329;0.7174792
1328159137;41.10706;-8.634138;-0.1506941;0.7174536
1328159142;41.10985;-8.632521;-0.1506659;0.7175023
1328159150;41.10714;-8.632415;-0.1506641;0.7174549
1328159225;41.10823;-8.632467;-0.150665;0.717474
1328159234;41.10622;-8.637806;-0.1507581;0.7174389
1328159766;41.10825;-8.630746;-0.1506349;0.7174742
1328160025;41.10958;-8.632457;-0.1506648;0.7174975
1328160320;41.10968;-8.63289;-0.1506723;0.7174993
1328160342;41.10688;-8.635572;-0.1507192;0.7174503
1328160386;41.10843;-8.63633;-0.1507324;0.7174774
1328160465;41.10637;-8.638281;-0.1507664;0.7174415
1328161126;41.10685;-8.634604;-0.1507023;0.7174498
1328161130;41.10969;-8.632745;-0.1506698;0.7174995
1328161132;41.10755;-8.630558;-0.1506317;0.7174621
1328161445;41.10654;-8.637425;-0.1507515;0.7174444
1328161507;41.10983;-8.632652;-0.1506682;0.7175019
1328161575;41.10837;-8.63071;-0.1506343;0.7174764
1328161636;41.10968;-8.632743;-0.1506698;0.7174992
1328161708;41.10985;-8.632606;-0.1506674;0.7175022
1328161762;41.10863;-8.633243;-0.1506785;0.717481
1328162088;41.10691;-8.638868;-0.1507767;0.7174509
1534487964;41.1159;-8.628597;-0.1505974;0.7176078
1534487986;41.11725;-8.631402;-0.1506464;0.7176315
1534487987;41.11794;-8.632371;-0.1506633;0.7176434
1534488581;41.11609;-8.629392;-0.1506113;0.7176111
1534488584;41.11663;-8.630313;-0.1506274;0.7176207
1534488615;41.11678;-8.630816;-0.1506362;0.7176232
1534488645;41.11693;-8.630861;-0.1506369;0.7176259
2099745536;41.10698;-8.632595;-0.1506672;0.717452
2099745548;41.10798;-8.631929;-0.1506556;0.7174696
2099745561;41.10733;-8.631621;-0.1506502;0.7174583
2099822911;41.10749;-8.635846;-0.1507239;0.717461
2099822927;41.10749;-8.635715;-0.1507217;0.717461
2099822943;41.10779;-8.635967;-0.1507261;0.7174663
2099822953;41.10776;-8.636281;-0.1507315;0.7174658
2099822960;41.1077;-8.636217;-0.1507304;0.7174646
2100336362;41.11556;-8.634415;-0.150699;0.717602
2100621112;41.11214;-8.636274;-0.1507314;0.7175422
2100662500;41.10968;-8.632186;-0.1506601;0.7174993
2100662501;41.10977;-8.632189;-0.1506601;0.7175008
2100662523;41.11007;-8.632202;-0.1506604;0.7175061
2100662556;41.1106;-8.632232;-0.1506609;0.7175152
2101211001;41.10965;-8.633499;-0.150683;0.7174988
2101211007;41.10966;-8.631927;-0.1506556;0.717499
2101277821;41.10683;-8.634901;-0.1507075;0.7174495
2101277830;41.10704;-8.63493;-0.150708;0.7174531
2119781631;41.11476;-8.631609;-0.15065;0.7175879
2119781636;41.11557;-8.631247;-0.1506437;0.7176021
2119781642;41.11443;-8.631115;-0.1506414;0.7175822
2119781645;41.1144;-8.630863;-0.150637;0.7175817
2119781654;41.11486;-8.631705;-0.1506517;0.7175897
2119781656;41.11444;-8.631013;-0.1506396;0.7175823
2119781658;41.11432;-8.630995;-0.1506393;0.7175803
2119781660;41.11409;-8.630675;-0.1506337;0.7175763
2119781661;41.1162;-8.630697;-0.1506341;0.717613
2119781662;41.11503;-8.631671;-0.1506511;0.7175926
2119781664;41.11627;-8.630874;-0.1506372;0.7176143
2119781665;41.11538;-8.631384;-0.1506461;0.7175987
2119781666;41.1159;-8.63098;-0.150639;0.7176078
2119781667;41.11484;-8.63167;-0.1506511;0.7175893
2119781672;41.11411;-8.630883;-0.1506373;0.7175765
2119781673;41.11493;-8.631739;-0.1506523;0.7175909
2119781683;41.11595;-8.630915;-0.1506379;0.7176087
2119781684;41.11462;-8.631397;-0.1506463;0.7175854
2119781691;41.11603;-8.631081;-0.1506408;0.7176101
2119781693;41.11416;-8.630721;-0.1506345;0.7175775
2664825241;41.11318;-8.631183;-0.1506426;0.7175604
2664825242;41.11275;-8.632171;-0.1506598;0.7175528
2664825250;41.1132;-8.63505;-0.15071;0.7175608
2664825252;41.11317;-8.634903;-0.1507075;0.7175601
2665293224;41.11657;-8.634356;-0.1506979;0.7176196
2678910461;41.10992;-8.632041;-0.1506575;0.7175035
2678910464;41.11003;-8.631501;-0.1506481;0.7175053
2678910466;41.11042;-8.632147;-0.1506594;0.7175122
2678910468;41.10993;-8.631995;-0.1506567;0.7175037
2678910469;41.10979;-8.632001;-0.1506568;0.7175013
2678910471;41.1098;-8.631617;-0.1506501;0.7175013
2678910472;41.10999;-8.631679;-0.1506512;0.7175047
2678910473;41.10996;-8.631859;-0.1506544;0.7175041
2678910474;41.1098;-8.631805;-0.1506534;0.7175013
3020437123;41.11042;-8.64722;-0.1509224;0.7175122
3020437125;41.10946;-8.646983;-0.1509183;0.7174955
3020437126;41.1087;-8.646752;-0.1509143;0.7174821
3020437127;41.11052;-8.647244;-0.1509229;0.717514
3020437128;41.10917;-8.646887;-0.1509167;0.7174904
3020437129;41.11023;-8.647088;-0.1509202;0.7175089
3020437130;41.10969;-8.647002;-0.1509187;0.7174995
3020437131;41.10901;-8.646759;-0.1509144;0.7174876
3400529709;41.11731;-8.646501;-0.1509099;0.7176324
3400529710;41.11743;-8.646636;-0.1509123;0.7176346
3526079046;41.11353;-8.634484;-0.1507002;0.7175665
3526079047;41.11321;-8.634462;-0.1506998;0.7175609
4537061650;41.11203;-8.638351;-0.1507677;0.7175403
4537061651;41.11211;-8.63823;-0.1507656;0.7175417
4537061679;41.11021;-8.639652;-0.1507904;0.7175086
4537061680;41.11059;-8.638763;-0.1507749;0.7175152
4537061681;41.11074;-8.63845;-0.1507694;0.7175177
4537061682;41.11085;-8.638102;-0.1507633;0.7175196
4537061683;41.11086;-8.637945;-0.1507606;0.7175199
4537061684;41.11029;-8.638508;-0.1507704;0.7175099
4537061685;41.11012;-8.638676;-0.1507733;0.717507
4537061686;41.1095;-8.639404;-0.1507861;0.7174962
4537061687;41.10945;-8.639457;-0.150787;0.7174953
4537061688;41.10939;-8.639664;-0.1507906;0.7174943
4537061689;41.10941;-8.639884;-0.1507944;0.7174946
4537061690;41.10919;-8.641019;-0.1508142;0.7174907
4537061691;41.10899;-8.64104;-0.1508146;0.7174873
4537061692;41.10908;-8.640945;-0.150813;0.7174888
4537061693;41.1086;-8.64026;-0.150801;0.7174804
4537061694;41.10836;-8.639637;-0.1507901;0.7174762
4537061695;41.10825;-8.641531;-0.1508232;0.7174742
4537061696;41.10825;-8.641639;-0.1508251;0.7174742
4537061697;41.10883;-8.641618;-0.1508247;0.7174844
4537061698;41.10844;-8.640977;-0.1508135;0.7174776
4537061699;41.10876;-8.644174;-0.1508693;0.7174832
4537061700;41.10882;-8.643745;-0.1508618;0.7174842
4537061701;41.10886;-8.643399;-0.1508558;0.717485
4537061702;41.10886;-8.643336;-0.1508547;0.7174849
4537061703;41.10883;-8.643178;-0.1508519;0.7174844
4537061704;41.10883;-8.643083;-0.1508503;0.7174844
4537061705;41.10888;-8.642924;-0.1508475;0.7174854
4537061706;41.10903;-8.642652;-0.1508427;0.7174879
4537061707;41.10906;-8.642608;-0.150842;0.7174885
4537061708;41.10672;-8.641811;-0.1508281;0.7174476
4537061712;41.10614;-8.640964;-0.1508133;0.7174375
4565533015;41.11776;-8.632149;-0.1506594;0.7176403
4565533016;41.11742;-8.631657;-0.1506508;0.7176343
4565533017;41.11759;-8.631911;-0.1506553;0.7176373
4565533018;41.11678;-8.630591;-0.1506322;0.7176232
4565533019;41.11709;-8.631137;-0.1506418;0.7176286
4565533024;41.11603;-8.628961;-0.1506038;0.7176101
4565533025;41.11636;-8.629745;-0.1506175;0.7176158
4565533044;41.1177;-8.632257;-0.1506613;0.7176392
4565533045;41.11693;-8.631077;-0.1506407;0.7176259
4565533048;41.11625;-8.629744;-0.1506174;0.7176139
4565533049;41.11641;-8.630106;-0.1506238;0.7176168
4565533050;41.11667;-8.630612;-0.1506326;0.7176213
4565533051;41.11655;-8.630386;-0.1506287;0.7176192
4763873066;41.10706;-8.634081;-0.1506931;0.7174536
4763873067;41.10704;-8.634198;-0.1506952;0.7174531
4763873068;41.10705;-8.633924;-0.1506904;0.7174534
4763873069;41.10686;-8.634566;-0.1507016;0.7174501
4763873072;41.10666;-8.637096;-0.1507458;0.7174466
4763873073;41.10644;-8.637612;-0.1507548;0.7174427
4763873074;41.10653;-8.638744;-0.1507745;0.7174442
4763873075;41.10683;-8.640265;-0.1508011;0.7174495
4763880221;41.10673;-8.6419;-0.1508296;0.7174478
4763880222;41.10675;-8.64212;-0.1508335;0.7174481
4763880223;41.10675;-8.642268;-0.150836;0.7174482
4763880224;41.10677;-8.642408;-0.1508385;0.7174485
4763880233;41.10705;-8.648971;-0.150953;0.7174534
4763880239;41.10637;-8.660874;-0.1511608;0.7174416
4838615897;41.11697;-8.659855;-0.151143;0.7176266
4838616627;41.11924;-8.651477;-0.1509968;0.7176662
4838616632;41.11092;-8.65742;-0.1511005;0.7175208
4838616634;41.11466;-8.657881;-0.1511085;0.7175862
4838616643;41.11487;-8.657475;-0.1511015;0.7175899
4838616645;41.11576;-8.65426;-0.1510453;0.7176055
4838616646;41.11564;-8.654324;-0.1510464;0.7176033
4838616647;41.1154;-8.654523;-0.1510499;0.7175992
4838616648;41.11526;-8.654714;-0.1510532;0.7175968
4838616649;41.11615;-8.652822;-0.1510202;0.7176122
4838616650;41.11645;-8.652406;-0.151013;0.7176174
4838616651;41.11217;-8.652064;-0.151007;0.7175427
4838616652;41.11232;-8.652143;-0.1510084;0.7175454
4838616653;41.11248;-8.652271;-0.1510106;0.7175482
4838616654;41.11286;-8.65246;-0.1510139;0.7175547
4838616655;41.11292;-8.652558;-0.1510156;0.7175558
4838616656;41.11293;-8.652926;-0.1510221;0.7175559
4838616657;41.11297;-8.653338;-0.1510292;0.7175567
4838616658;41.11586;-8.649325;-0.1509592;0.7176071
4838731482;41.11814;-8.649472;-0.1509618;0.717647
4838731483;41.11802;-8.649382;-0.1509602;0.7176449
4838731484;41.11791;-8.649243;-0.1509578;0.717643
4838731485;41.11775;-8.648988;-0.1509533;0.7176401
4838731486;41.11767;-8.648937;-0.1509524;0.7176387
4838731487;41.11707;-8.647866;-0.1509337;0.7176282
4838731495;41.11556;-8.644644;-0.1508775;0.7176019
4838731496;41.11558;-8.644485;-0.1508747;0.7176023
4838731497;41.11566;-8.6443;-0.1508715;0.7176036
4838733878;41.11504;-8.6478;-0.1509326;0.7175929
4838733883;41.11524;-8.647449;-0.1509265;0.7175963
4838733884;41.112;-8.646864;-0.1509162;0.7175397
4838733885;41.11248;-8.650054;-0.1509719;0.7175481
4838733886;41.11228;-8.650028;-0.1509715;0.7175447
4838733887;41.1119;-8.650033;-0.1509716;0.717538
4838811932;41.10683;-8.654778;-0.1510544;0.7174496
4838811933;41.10687;-8.654888;-0.1510563;0.7174502
4838811934;41.10686;-8.655044;-0.151059;0.7174501
4838811935;41.10691;-8.655133;-0.1510606;0.7174509
4838811936;41.10719;-8.650698;-0.1509832;0.7174559
4838811941;41.10913;-8.635715;-0.1507217;0.7174898
4838811942;41.10954;-8.634964;-0.1507086;0.7174968
4841573467;41.1083;-8.645112;-0.1508857;0.7174752
4841573469;41.10753;-8.638873;-0.1507768;0.7174618
5275775533;41.11258;-8.64212;-0.1508335;0.7175499
5296177638;41.11567;-8.649432;-0.1509611;0.7176038
5296177639;41.11539;-8.649345;-0.1509596;0.717599
5296177640;41.1156;-8.64919;-0.1509568;0.7176026
5313460762;41.11328;-8.644315;-0.1508718;0.7175621
5313460784;41.11406;-8.641006;-0.150814;0.7175757
