26735829;1112073325;1112073319;
26735829;1112073319;1112072101;
26735829;1112072101;1112073517;
26735829;1112073517;1528823377;
26735829;1528823377;1528823383;
26735829;1528823383;1528823310;
26735829;1528823310;1528823307;
26735829;1528823307;4069160879;
26735829;4069160879;1112073113;
26735829;1112073113;1112073130;
26735829;1112073130;1112072474;
26735829;1112072474;1112072875;
26735829;1112072875;1112072972;
26735829;1112072972;293250169;
26735829;293250169;1528823306;
26735829;1528823306;1131291611;
49982655;3091640408;1103406300;
49982655;1103406300;1838975269;
49982655;1838975269;634969216;
49982655;634969216;1838975326;
49982655;1838975326;634969203;
49982655;634969203;2341053569;
49982655;2341053569;3091634681;
49982655;3091634681;1838975330;
49982655;1838975330;1103406305;
49982655;1103406305;3091640426;
49982655;3091640426;634969200;
49982655;634969200;1103406363;
49982655;1103406363;3091640414;
49982655;3091640414;1838975259;
49982655;1838975259;3091640409;
49982655;3091640409;3091640425;
49982655;3091640425;1103406464;
49982655;1103406464;3091640427;
49982655;3091640427;1838975255;
49982655;1838975255;3091640408;
49982746;1131292146;634973151;
49982746;634973151;1838975463;
49982746;1838975463;634973157;
54568444;1143177643;1143177721;
54568444;1143177721;4150214105;
54568444;4150214105;1103406325;
54568444;1103406325;1103406392;
54568444;1103406392;687058140;
54568444;687058140;4150214104;
54568444;4150214104;687058139;
54568445;1143177728;687058149;
54568445;687058149;1143177775;
54568445;1143177775;1103406378;
54568445;1103406378;1103406346;
54568445;1103406346;1103406471;
54568445;1103406471;1143177683;
54568446;1143177806;687058150;
54568446;687058150;5378037880;
54568446;5378037880;1143177773;
54568446;1143177773;1143317907;
54568447;1103406489;687058155;
54568447;687058155;1103406354;
54568447;1103406354;1838975302;
54568447;1838975302;1838975291;
54568447;1838975291;687058159;
54568447;687058159;1771990336;
54568448;687058177;1103406385;
54568448;1103406385;687058176;
54568448;687058176;687058128;
54568448;687058128;1143177769;
54568448;1143177769;687058184;
54568448;687058184;1143177810;
54568448;1143177810;687058183;
54568448;687058183;1103406328;
54568448;1103406328;687058182;
54568449;634063808;687058152;
54568449;687058152;1103406489;
95098677;1528823144;1528823174;
95098677;1528823174;2642099391;
95098677;2642099391;1131291846;
95098677;1131291846;36730965;
95098677;36730965;1528823179;
95098677;1528823179;1528823182;
95098677;1528823182;1103406350;
95098678;1528762349;1528823144;
95098679;1103243234;1528762347;
95098680;1528762347;1103406500;
95117789;687058179;687058178;
95117789;687058178;687058177;
95117790;1103406320;1103406408;
95117790;1103406408;1103406484;
95117793;1103406316;1103406446;
95117794;1103406500;1103406307;
95117794;1103406307;1145511632;
95117794;1145511632;269355948;
95117794;269355948;1145515054;
95117794;1145515054;1103406460;
95117795;1103406446;1103406478;
95117795;1103406478;1103406335;
95117795;1103406335;4150214106;
95117795;4150214106;1103406407;
95117796;4150214119;634063805;
95117796;634063805;1103406411;
95117796;1103406411;4150214111;
95117796;4150214111;4150214112;
95117796;4150214112;634063808;
95117796;634063808;1103406293;
95117796;1103406293;4150214113;
95117796;4150214113;4150214114;
95117796;4150214114;634063809;
95117796;634063809;4150214115;
95117796;4150214115;1103406432;
95117796;1103406432;1103406331;
95117796;1103406331;1103406336;
95117796;1103406336;4150214116;
95117796;4150214116;634063810;
95117796;634063810;1103406495;
95117796;1103406495;4150214117;
95117796;4150214117;634063811;
95117796;634063811;634072370;
95117796;634072370;4150214118;
95117796;4150214118;634063804;
95117796;634063804;4150214119;
95117798;687058182;687058181;
95117798;687058181;687058180;
95117799;1103406328;1103406458;
95117799;1103406458;1103406375;
95117799;1103406375;1103406440;
95117801;1103406350;1103406367;
95117802;1103406498;1103406413;
95117804;1103406372;1528762349;
95117805;1103406299;1103406385;
95117807;687058180;1103406407;
95117807;1103406407;1143177728;
95117807;1143177728;687058148;
95117807;687058148;1143177848;
95117807;1143177848;687058139;
95117807;687058139;1103406320;
95117807;1103406320;687058179;
95117809;1103406440;1103406307;
95117810;1103406302;1145513643;
95117810;1145513643;269354487;
95117810;269354487;1145511243;
95117810;1145511243;1103406316;
95117810;1103406316;1103406372;
95117812;1103406413;1528823194;
95117812;1528823194;1528823176;
95117812;1528823176;1528823417;
95117812;1528823417;1131291715;
95117812;1131291715;1528823175;
95117812;1528823175;2642099386;
95117812;2642099386;1103243234;
95120329;1142609061;1142604854;
95120329;1142604854;1142609033;
95120329;1142609033;1142605827;
95120329;1142605827;1131292174;
95120329;1131292174;1142609100;
95120329;1142609100;1103422864;
95120329;1103422864;1103422866;
95120329;1103422866;2341053538;
95120329;2341053538;1838975335;
95120329;1838975335;1103406305;
95984859;1112072055;1112073604;
95984859;1112073604;1112072988;
95984859;1112072988;1112072320;
95984859;1112072320;1112073158;
95984859;1112073158;1112072543;
95984859;1112072543;1112073293;
95984862;1131291729;1131292031;
95984873;1103406464;634969211;
95984873;634969211;1112073327;
95984873;1112073327;1112072818;
95984873;1112072818;1112072121;
95984873;1112072121;1112073095;
95984873;1112073095;1112072930;
95984873;1112072930;1112073493;
95984876;1112072277;1112073573;
95984876;1112073573;1112072507;
95984881;1112073095;1112072950;
95984881;1112072950;1112073344;
95984883;1112072347;1112073187;
95984895;1112072160;1112072661;
95984895;1112072661;1112072407;
95984898;1112073344;1112072277;
95984904;1132441661;1132441779;
95984904;1132441779;1528762229;
95984904;1528762229;1132441825;
95984904;1132441825;634969216;
95984905;1112073187;1112073022;
95984905;1112073022;1112072265;
95984905;1112072265;1112072091;
95984905;1112072091;1112072845;
95984905;1112072845;1103406388;
95984905;1103406388;1838975255;
95984910;1112073473;1112073022;
95984915;1112073107;1112072470;
95984917;1143316867;5378037891;
95984924;1112072358;1112072507;
95984924;1112072507;1112073116;
95984924;1112073116;3398944854;
95984924;3398944854;1112072478;
95984924;1112072478;1112072883;
95984924;1112072883;1112072160;
95984931;1112073493;1112072789;
95984936;1112072997;1112072775;
95984936;1112072775;1112072027;
95984936;1112072027;4069161393;
95984936;4069161393;1131292185;
95984945;1528823343;1112073602;
95984945;1112073602;1112072986;
95984945;1112072986;1112073405;
95984945;1112073405;1112072767;
95984945;1112072767;1112073157;
95984945;1112073157;1112072542;
95984945;1112072542;1112072915;
95984945;1112072915;4069160868;
95984945;4069160868;1112072237;
95984945;1112072237;1112072706;
95984945;1112072706;1112073113;
95984952;1112072613;1112072351;
95984952;1112072351;1112072358;
95984953;1112073278;1132441661;
95984953;1132441661;1528762277;
95984953;1528762277;1112072135;
95984953;1112072135;1132441669;
95984953;1132441669;1112073061;
95984953;1112073061;1112073458;
95984953;1112073458;1112073105;
95984953;1112073105;1112072839;
95984953;1112072839;1112073520;
95984953;1112073520;1112072441;
95984953;1112072441;1112073559;
95984953;1112073559;1112073325;
95984953;1112073325;1112072933;
95984953;1112072933;1112072117;
95984953;1112072117;1112073091;
95984953;1112073091;1112073482;
95984953;1112073482;1112072198;
95984953;1112072198;1112073278;
95984955;1112072883;1112072075;
95984955;1112072075;1112073063;
95984955;1112073063;1112073459;
95984955;1112073459;1112072841;
95984955;1112072841;1112073544;
95984955;1112073544;1112073248;
95984957;1112072417;1112072849;
95984957;1112072849;1112072099;
95984957;1112072099;1112072620;
95984959;1112072407;1112073293;
95984959;1112073293;3398944851;
95984959;3398944851;1112072078;
95984959;1112072078;1112073065;
95984959;1112073065;1131360783;
95984959;1131360783;1112072843;
95984959;1112072843;1112072417;
95984959;1112072417;1112072613;
95984962;1131291508;1112073429;
95984962;1112073429;1112072795;
95984962;1112072795;1131389585;
95984962;1131389585;1112073248;
95984964;1112072620;1112073473;
95984967;1112073544;1112072458;
95984967;1112072458;1131389547;
95984967;1131389547;1112073336;
95984967;1112073336;1131291508;
95984969;1112072789;4816596507;
97721299;1131292161;1131291315;
97721299;1131291315;1131291516;
97721299;1131291516;1131291736;
97721304;1131291780;1131291836;
97721304;1131291836;1131292173;
97721304;1131292173;1131292098;
97721304;1131292098;1131292419;
97721304;1131292419;1131291472;
97721304;1131291472;3398944925;
97721304;3398944925;3398944923;
97721305;1131291404;1112073564;
97721305;1112073564;1112072940;
97721305;1112072940;1112073364;
97721305;1112073364;293247477;
97721305;293247477;1528823305;
97721305;1528823305;1528823303;
97721305;1528823303;1528823302;
97721305;1528823302;1112073249;
97721305;1112073249;1112072612;
97721305;1112072612;1112073015;
97721305;1112073015;1528823371;
97721305;1528823371;1528823376;
97721305;1528823376;1528762254;
97721305;1528762254;1112072198;
97721309;1131292357;1131291811;
97721310;1131291992;1131291903;
97721310;1131291903;1131292074;
97721311;1131291593;1131291906;
97721311;1131291906;1131291525;
97721313;1838975272;2082843900;
97721313;2082843900;3398944905;
97721313;3398944905;1131292164;
97721314;1131291616;1131291406;
97721314;1131291406;1131292033;
97721314;1131292033;1131291730;
97721314;1131291730;1131291512;
97721314;1131291512;1131292155;
97721315;1131291780;1131291587;
97721315;1131291587;1131291744;
97721316;1131292074;1131292290;
97721316;1131292290;1131292390;
97721316;1131292390;1131291385;
97721316;1131291385;1131291461;
97721316;1131291461;1771990357;
97721316;1771990357;1131291949;
97721318;1528823417;1131292026;
97721318;1131292026;1131292314;
97721318;1131292314;1131291439;
97721318;1131291439;1131292126;
97721318;1131292126;1131291840;
97721319;1112072579;1131291506;
97721327;1131291840;1131291630;
97721327;1131291630;1131291904;
97721327;1131291904;1131292234;
97721327;1131292234;1131291355;
97721327;1131291355;1131291729;
97721328;1143317850;5378037887;
97721331;1131291968;1131292230;
97721332;1131291666;1131292109;
97721332;1131292109;1131292447;
97721333;1131291525;1131291945;
97721333;1131291945;1131292360;
97721333;1131292360;1131292407;
97721333;1131292407;1131291668;
97721333;1131291668;1131291670;
97721333;1131291670;1131291949;
97721333;1131291949;1131291360;
97721333;1131291360;1131291559;
97721333;1131291559;1131291780;
97721334;1131291780;1131292458;
97721334;1131292458;1131291494;
97721334;1131291494;1131291970;
97721334;1131291970;1131292306;
97721334;1131292306;1131291653;
97721335;1131291744;1131291532;
97721335;1131291532;1131291341;
97721335;1131291341;1131292226;
97721335;1131292226;1131291649;
97721335;1131291649;1131291729;
97721338;1131292460;1131292272;
97721338;1131292272;1131291427;
97721338;1131291427;3091571595;
97721338;3091571595;2082854123;
97721338;2082854123;2082854119;
97721338;2082854119;1131291631;
97721339;1131291666;1131291907;
97721339;1131291907;1131292261;
97721339;1131292261;1131291361;
97721341;1131291631;1112072579;
97721342;1131292460;1131291375;
97721344;1131291732;3172532578;
97721344;3172532578;1131291319;
97721344;1131291319;1131292214;
97721344;1131292214;1131291400;
97721344;1131291400;1131291519;
97721344;1131291519;1131292018;
97721344;1131292018;3172532573;
97721344;3172532573;3172532574;
97721344;3172532574;1131291783;
97721344;1131291783;1131292336;
97721344;1131292336;1131292100;
97721344;1131292100;3172532575;
97721344;3172532575;1131291413;
97721344;1131291413;3172532576;
97721344;3172532576;1131292409;
97721344;1131292409;1131291623;
97721344;1131291623;1131291467;
97721344;1131291467;3172532577;
97721344;3172532577;1131292447;
97721344;1131292447;1131291868;
97721344;1131291868;1131291732;
97721349;2341053634;1131389569;
97721349;1131389569;1131291457;
97721349;1131291457;1131389544;
97721349;1131389544;1131291491;
97721349;1131291491;1131291710;
97721349;1131291710;1131292161;
97721353;1131292329;1131292004;
97721356;1131292007;1131291401;
97721356;1131291401;1131291595;
97721356;1131291595;1131291815;
97721357;1131291361;1131291646;
97721357;1131291646;1131292155;
97721357;1131292155;1142604501;
97721357;1142604501;1142605000;
97721357;1142605000;1131292329;
97721359;1131292123;1131292436;
97721359;1131292436;1131389606;
97721359;1131389606;1131292190;
97721364;1131291653;1131291413;
97721366;1131291593;1131291812;
97721366;1131291812;1131291601;
97721366;1131291601;1131292188;
97721366;1131292188;1131291311;
97721366;1131291311;1131291510;
97721366;1131291510;1131292002;
97721366;1131292002;1131292326;
97721366;1131292326;1131291405;
97721366;1131291405;1131291609;
97721366;1131291609;36730965;
97721368;1131292409;1131291684;
97721368;1131291684;1131291666;
97721373;1131291382;1131291508;
97721386;1131292121;1131292056;
97721386;1131292056;2086412135;
97721386;2086412135;1143317357;
97721391;1131291811;1131291859;
97721392;1131292031;1131292355;
97721392;1131292355;1131292460;
97721395;1131291783;1131291875;
97721395;1131291875;1131291422;
97721395;1131291422;1131291626;
97721395;1131291626;1143317692;
97721395;1143317692;1131291902;
97721395;1131291902;1131291294;
97721395;1131291294;1131291504;
97721395;1131291504;1131292098;
97721397;1131291439;1131291338;
97721397;1131291338;1131292063;
97721397;1131292063;1131291719;
97721397;1131291719;1131291760;
97721397;1131291760;1131292021;
97721397;1131292021;1131291539;
97721397;1131291539;1131291419;
97721397;1131291419;1131291936;
97721397;1131291936;1131291653;
97726888;1112072078;1131360839;
97726888;1131360839;1131360995;
97726888;1131360995;1131361485;
97726888;1131361485;1131360871;
97726888;1131360871;2648942341;
97728676;1131389562;1131389643;
97728677;1131292254;1131389587;
97728682;1131389629;4816689182;
97728682;4816689182;1131389534;
97728682;1131389534;1131389623;
97728682;1131389623;1131389576;
97728682;1131389576;1131291879;
97728683;1131389635;1131389598;
97728685;1131291721;1131291358;
97728685;1131291358;1131292024;
97728689;1131389621;1131389602;
97728689;1131389602;4816689744;
97728689;4816689744;1131389551;
97728691;1131291470;1131389554;
97728691;1131389554;1131389633;
97728691;1131389633;1131389581;
97728691;1131389581;1131389532;
97728694;1131389569;1131389661;
97728694;1131389661;1131389594;
97728697;1131389544;1131389628;
97728697;1131389628;1131389583;
97728698;1131389580;1131389625;
97728698;1131389625;1131389566;
97728698;1131389566;1131291382;
97728706;1131389600;1131389658;
97728706;1131389658;1131291672;
97837127;1132441664;1132441782;
97837127;1132441782;1132441738;
97837127;1132441738;1132441942;
97837127;1132441942;1132441780;
97837127;1132441780;1132441791;
97837127;1132441791;1132442010;
97837127;1132442010;1132441662;
97837128;1132441836;1132441878;
97837128;1132441878;1132441760;
97837128;1132441760;1132441986;
97837129;1132441674;1132441860;
97837129;1132441860;1132441744;
97837129;1132441744;4761242019;
97837129;4761242019;1132442010;
97837132;1132441659;1132442005;
97837132;1132442005;1132441848;
97837132;1132441848;1132441836;
97837132;1132441836;1132441722;
97837132;1132441722;1132441908;
97837132;1132441908;1132441819;
97837132;1132441819;1132441703;
97837132;1132441703;1132441887;
97837132;1132441887;1132441770;
97837132;1132441770;1132441899;
97837132;1132441899;1132441785;
97837132;1132441785;1322952487;
97837132;1322952487;1132441667;
97837132;1132441667;4761669979;
97837132;4761669979;1132441956;
97837132;1132441956;1322928485;
97837132;1322928485;1132441881;
97837132;1132441881;1132441763;
97837132;1132441763;1132441990;
97837132;1132441990;1132441832;
97837132;1132441832;1132441745;
97837132;1132441745;1132441949;
97837132;1132441949;1132441813;
97837132;1132441813;1132441697;
97837132;1132441697;1132441765;
97837132;1132441765;1131360959;
97837136;1132441728;1132441847;
97837138;1131292357;1132442006;
97837138;1132442006;1132441837;
97837138;1132441837;4786922304;
97837138;4786922304;1132441751;
97837140;1132441885;1132441817;
97837140;1132441817;4761589857;
97837140;4761589857;4761589858;
97837140;4761589858;1132441701;
97837140;1132441701;1132441846;
97837140;1132441846;1132441923;
97837140;1132441923;1132441801;
97837140;1132441801;1132441681;
97837140;1132441681;1132441770;
97837141;1132441862;1132441843;
97837141;1132441843;1132441889;
97837142;1132441662;1132441798;
97837142;1132441798;1132441679;
97837142;1132441679;1132441864;
97837144;1132441787;1132441668;
97837144;1132441668;1132441959;
97837144;1132441959;1132441816;
97837144;1132441816;1132441700;
97837144;1132441700;1132441799;
97837144;1132441799;1322922056;
97837144;1322922056;1132441884;
97837144;1132441884;1132441865;
97837144;1132441865;1132441680;
97837144;1132441680;1131361602;
97837150;1112073520;1132441771;
97837150;1132441771;1528762298;
97837153;1132441864;1132441847;
97837153;1132441847;1132441777;
97837153;1132441777;1132442025;
97837154;1132441752;1132441843;
97837155;1132441700;1132441902;
97837155;1132441902;1132441788;
97837155;1132441788;4761575624;
97837155;4761575624;4761575625;
97837155;4761575625;1132441699;
97837155;1132441699;4761575626;
97837155;4761575626;1132441883;
97837155;1132441883;4761575655;
97837155;4761575655;1132441766;
97837155;1132441766;1132441992;
97837157;1132441965;1132441848;
97837159;1132441751;4786922302;
97837159;4786922302;1132441659;
97837160;1132441787;1132441713;
97837160;1132441713;1132441893;
97837160;1132441893;1132441775;
97837160;1132441775;1132441747;
97837160;1132441747;1132441692;
97837160;1132441692;1132441875;
97837160;1132441875;1132441758;
97837160;1132441758;1132441984;
97837160;1132441984;1132441939;
97837160;1132441939;1132441659;
97837162;1132441678;4814244967;
97837164;1132441965;1132441772;
97837165;1132441812;1132441727;
97837165;1132441727;1132441889;
97837165;1132441889;1132441975;
97837165;1132441975;1132441826;
97837165;1132441826;1132441709;
97837166;1528762298;1132441702;
97837166;1132441702;1112073559;
97837167;1132441686;1132441870;
97837167;1132441870;1132441754;
97837167;1132441754;1132441971;
97837167;1132441971;1132441850;
97837167;1132441850;1132441731;
97837167;1132441731;1132441932;
97837167;1132441932;1132441806;
97837167;1132441806;1132441716;
97837168;1132441900;1132441814;
97837170;1132441798;1132441844;
97837170;1132441844;1132441728;
97837170;1132441728;1132441919;
97837170;1132441919;1132441828;
97837170;1132441828;1132441712;
97837170;1132441712;1132441892;
97837170;1132441892;1132442025;
97837171;1132441709;1132441854;
97837171;1132441854;1132441738;
97837172;1132441706;1112073107;
97837173;2341053695;1132441675;
97837173;1132441675;1132441751;
97837174;1132441747;1132441792;
97837174;1132441792;1132441814;
97837174;1132441814;1132441967;
97837175;1533383176;1132441910;
97837175;1132441910;1132441861;
97837175;1132441861;1132441693;
97837175;1132441693;1132441812;
97837175;1132441812;1132441790;
97837175;1132441790;1132441905;
97837175;1132441905;1131291786;
97837176;1322699715;1487029137;
97837176;1487029137;1487029127;
97837176;1487029127;1487029121;
97837176;1487029121;4381003974;
97837176;4381003974;1487029129;
97837176;1487029129;1487029116;
97837176;1487029116;1487029138;
97837176;1487029138;1132441880;
97837176;1132441880;1132441696;
97837176;1132441696;1132441784;
97837176;1132441784;1132441898;
97837176;1132441898;1132441718;
97837176;1132441718;1132441831;
97837176;1132441831;1132441937;
97837176;1132441937;1132441733;
97837176;1132441733;1132441852;
97837177;1132441758;1132441764;
97837177;1132441764;1132441900;
97837177;1132441900;1132441786;
97837179;2341053553;1132441869;
97837180;1132441979;1132441925;
97837180;1132441925;1132441802;
97837180;1132441802;1132441823;
97837180;1132441823;1132441707;
97837181;1132442025;1132441734;
97837181;1132441734;1132441671;
97837181;1132441671;1141655254;
97837181;1141655254;1132441888;
97837181;1132441888;1132441746;
97837181;1132441746;1132441951;
97837181;1132441951;1132441842;
97837181;1132441842;1131292357;
97837182;1132441659;1132441918;
97837182;1132441918;1132441772;
97837182;1132441772;1132441796;
97837182;1132441796;1132441686;
97837182;1132441686;1132441710;
97837182;1132441710;1132441890;
97837182;1132441890;1132441774;
97837182;1132441774;1132442015;
97837182;1132442015;1132441873;
97837182;1132441873;1132441756;
97837182;1132441756;1132441979;
97837182;1132441979;1132441827;
97837182;1132441827;1132441807;
97837182;1132441807;4568610800;
97837182;4568610800;1132441687;
97837182;1132441687;1132441871;
97837182;1132441871;1132441755;
97837183;1132441666;4781317006;
97837183;4781317006;1132441688;
97837183;1132441688;1132441914;
97837184;1132441910;1322933674;
97837184;1322933674;1132441724;
97837184;1132441724;1322940938;
97837184;1322940938;1132441839;
97837184;1132441839;1322918460;
97837184;1322918460;1132441945;
97837184;1132441945;1322924632;
97837184;1322924632;1132441742;
97837184;1132441742;1322951612;
97837184;1322951612;1132441858;
97837184;1132441858;1322957498;
97837184;1322957498;1132441672;
97837184;1132441672;1322932783;
97837184;1322932783;1132441759;
97837184;1132441759;1322940394;
97837184;1322940394;1132441877;
97837184;1132441877;1132441910;
97837185;1103406300;1132441809;
97837185;1132441809;1132441689;
97837185;1132441689;1132441789;
97837185;1132441789;1132441669;
97837187;1132441800;1132441957;
97837187;1132441957;1132441914;
97837189;1132441792;1132441882;
97837189;1132441882;1132441764;
97837191;1132441791;1132441907;
97837191;1132441907;1132441721;
97837191;1132441721;1132441811;
97837191;1132441811;1132441943;
97837191;1132441943;1132441740;
97837191;1132441740;1132441856;
97837191;1132441856;1132441982;
97837191;1132441982;1132441664;
97837192;1132442009;4761589855;
97837192;4761589855;1132441776;
97837192;1132441776;4761589856;
97837192;4761589856;1132442022;
97837192;1132442022;1132441846;
97837193;1132441945;1132441795;
97837193;1132441795;1132441676;
97837193;1132441676;1132441861;
97837196;1132441992;4761589854;
97837196;4761589854;1132442009;
97837196;1132442009;1132441840;
97837196;1132441840;4761589859;
97837196;4761589859;1132441725;
97837196;1132441725;1132441913;
97837196;1132441913;1132441885;
97837196;1132441885;1132441768;
97837196;1132441768;1132441996;
97837196;1132441996;1132441834;
97837196;1132441834;1131361602;
97837199;1131361219;2648942341;
97837201;1132441751;1132441940;
97837201;1132441940;1132441736;
97837201;1132441736;1132441901;
97837201;1132441901;1132441787;
97837205;1132441777;1132441876;
97837734;1132446631;1132446636;
97837734;1132446636;1132446583;
97837734;1132446583;1132446616;
97837734;1132446616;1132446604;
97837734;1132446604;1132446655;
97837734;1132446655;1132446627;
97837734;1132446627;1132446599;
97837734;1132446599;1132446648;
97837737;1132446631;1132446603;
97837737;1132446603;1132441672;
97837744;1132446586;1132446641;
97837744;1132446641;1132446611;
97837744;1132446611;1132446583;
98675894;1141655368;1141655536;
98675894;1141655536;1141655133;
98675894;1141655133;1141655331;
98675894;1141655331;1141655479;
98675894;1141655479;1141655101;
98675894;1141655101;1141655282;
98675894;1141655282;1141655300;
98675894;1141655300;1141655450;
98675894;1141655450;1141655077;
98675896;1141655254;1141655596;
98675896;1141655596;1141655284;
98675896;1141655284;1141655412;
98675899;1141655577;1141655131;
98675899;1141655131;1141655185;
98675899;1141655185;1141655379;
98675913;1141655596;1141655202;
98675913;1141655202;1141655332;
98675913;1141655332;1141655481;
98675913;1141655481;1141655102;
98675923;1141655185;4816593970;
98675923;4816593970;3805946419;
98753905;1131291361;1142605250;
98753905;1142605250;1142609599;
98753905;1142609599;1142607818;
98753905;1142607818;1142605893;
98753905;1142605893;1142607281;
98753905;1142607281;4813356948;
98753905;4813356948;1142605379;
98753905;1142605379;1142609754;
98753905;1142609754;1142608015;
98754050;1142608174;1142610102;
98754069;1142606881;1142608959;
98754069;1142608959;1142604666;
98754069;1142604666;1142610102;
98754069;1142610102;1142605667;
98754069;1142605667;1142607520;
98754069;1142607520;1142609272;
98754069;1142609272;1142606303;
98754183;1142608015;1142605996;
98754183;1142605996;1142608083;
98754183;1142608083;4813356932;
98754183;4813356932;1142609864;
98754183;1142609864;1142605458;
98754183;1142605458;1142603971;
98754183;1142603971;1131291319;
98754191;1142604666;1142608653;
98754305;1142608380;1142604856;
98754305;1142604856;1142606003;
98754305;1142606003;1142603703;
98754305;1142603703;1142608959;
98754365;1142606403;1142605591;
98754440;1131291361;1142605892;
98754440;1142605892;1142603886;
98754440;1142603886;1142608433;
98754470;1142608433;1142605035;
98754470;1142605035;1142605591;
98754470;1142605591;4813357168;
98754470;4813357168;1142608620;
98754527;1112072249;1131291299;
98754527;1131291299;1131292180;
98754527;1131292180;1131291849;
98754527;1131291849;1131291805;
98754527;1131291805;1131292357;
98754633;1142606663;1142605966;
98754633;1142605966;1142604045;
98754633;1142604045;1142604908;
98754633;1142604908;1142609157;
98754633;1142609157;1142607305;
98754633;1142607305;4814244550;
98754633;4814244550;1142605392;
98754633;1142605392;1142605282;
98754633;1142605282;1142605000;
98754668;1142606303;4811665150;
98754668;4811665150;4811665151;
98754668;4811665151;1142607460;
98754668;1142607460;1142608545;
98754668;1142608545;1142604608;
98754722;1142606881;1142605750;
98754722;1142605750;1142609236;
98754722;1142609236;1142606541;
98754722;1142606541;1131361354;
98825972;1143317387;5378037881;
98825972;5378037881;1143177863;
98825972;1143177863;1838975261;
98825972;1838975261;1143177815;
98825972;1143177815;1131291631;
98825974;1771990318;1143177718;
98825974;1143177718;1143177726;
98825974;1143177726;1143177796;
98825974;1143177796;1143177662;
98825974;1143177662;1143177764;
98825974;1143177764;1143177806;
98835817;1143317168;2073802323;
98835817;2073802323;2116632426;
98835817;2116632426;1143318527;
98835817;1143318527;1143316202;
98835817;1143316202;2073801542;
98835817;2073801542;1143317881;
98835817;1143317881;2080746794;
98835817;2080746794;2073799280;
98835817;2073799280;1143318236;
98835817;1143318236;1804497649;
98835817;1804497649;1143318220;
98835817;1143318220;2069954901;
98835817;2069954901;2083866147;
98835817;2083866147;1143317413;
98835817;1143317413;5378037865;
98835817;5378037865;2083867717;
98835817;2083867717;1143318701;
98835844;1143317907;5378037883;
98835865;1143316417;2083856437;
98835895;1131389598;1131291614;
98835895;1131291614;1131291851;
98835895;1131291851;2069996214;
98835895;2069996214;1131291521;
98835895;1131291521;2086412123;
98835895;2086412123;1143317850;
98835913;1143317619;2069895473;
98835913;2069895473;1143317098;
98835921;1143318187;4801229521;
98835921;4801229521;1143318479;
98835921;1143318479;1143318661;
98835921;1143318661;1145513905;
98835927;1143316417;1143317200;
98835927;1143317200;2083856435;
98835927;2083856435;1143318545;
98835927;1143318545;1143317866;
98835927;1143317866;1143318221;
98835927;1143318221;1143316879;
98835930;1143318753;1143317497;
98835930;1143317497;1143316737;
98835930;1143316737;1145512278;
98835930;1145512278;1143316975;
98835930;1143316975;1145515059;
98835930;1145515059;1143318269;
98835930;1143318269;1143318414;
98835930;1143318414;1143317914;
98835930;1143317914;1143316631;
98835930;1143316631;2639484341;
98835930;2639484341;2639484339;
98835930;2639484339;1143316510;
98835930;1143316510;2639484338;
98835930;2639484338;1143318389;
98835930;1143318389;2639484333;
98835930;2639484333;1143318015;
98835939;1143318656;3984886786;
98835939;3984886786;1143318353;
98835939;1143318353;1143317828;
98835939;1143317828;1143318823;
98835939;1143318823;1143318474;
98835939;1143318474;1143317067;
98835939;1143317067;1143317649;
98835944;1143316575;2086409007;
98835944;2086409007;2086409005;
98835944;2086409005;4780120924;
98835944;4780120924;1143318829;
98835944;1143318829;1143317601;
98835944;1143317601;1143317074;
98835944;1143317074;1143318325;
98835944;1143318325;1143317970;
98835944;1143317970;1143317988;
98835944;1143317988;1143317629;
98835951;1143318221;2083855066;
98835963;1143317865;2086448456;
98835963;2086448456;2119675555;
98835963;2119675555;1143318593;
98835963;1143318593;1143316301;
98835963;1143316301;1143317958;
98835963;1143317958;5287362271;
98835963;5287362271;1670375576;
98835963;1670375576;1145512644;
98835963;1145512644;1143316194;
98835963;1143316194;1145512932;
98835963;1145512932;1143316697;
98835963;1143316697;5403158875;
98835963;5403158875;1143316873;
98835963;1143316873;1143318136;
98835963;1143318136;1143318539;
98835963;1143318539;1143318641;
98835963;1143318641;1143317782;
98835963;1143317782;1143317799;
98835963;1143317799;5301937141;
98835963;5301937141;1143317293;
98835963;1143317293;1143317180;
98835963;1143317180;1143317893;
98835971;1143318366;3398944874;
98835971;3398944874;1143318496;
98835978;1132441884;1132441992;
98835991;1143317649;3398944887;
98835991;3398944887;2069895474;
98835991;2069895474;2069895473;
98836015;1143317865;2086448452;
98836015;2086448452;1143318811;
98836015;1143318811;1143317168;
98836019;1143317865;1143317816;
98836019;1143317816;1670345808;
98836019;1670345808;1143318170;
98836019;1143318170;1670345811;
98836019;1670345811;1670345805;
98836019;1670345805;1143316792;
98836019;1143316792;1670345803;
98836019;1670345803;1670345802;
98836019;1670345802;1143317324;
98836019;1143317324;1143318627;
98836019;1143318627;1670345795;
98836019;1670345795;1143318676;
98836022;1112072579;2083836596;
98836022;2083836596;1143316856;
98836072;1143316623;2072674349;
98836072;2072674349;2069959803;
98836072;2069959803;2069959804;
98836072;2069959804;1143318034;
98836072;1143318034;2072674348;
98836072;2072674348;2069870068;
98836072;2069870068;4814141102;
98836072;4814141102;4814141085;
98836072;4814141085;1143317692;
98836082;1145512377;1145512083;
98836082;1145512083;1145511030;
98836082;1145511030;1143317794;
98836082;1143317794;1143318770;
98836082;1143318770;1145511417;
98836082;1145511417;1143317283;
98836082;1143317283;1143318440;
98836082;1143318440;1145513546;
98836082;1145513546;1143317010;
98836082;1143317010;1143317777;
98836091;1143316737;1145513801;
98836091;1145513801;1143317283;
98836091;1143317283;1143318102;
98836091;1143318102;1145511436;
98836091;1145511436;1143316657;
98836091;1143316657;1143317255;
98836450;1143319912;2086406856;
98836450;2086406856;1143319915;
98836450;1143319915;1143319910;
98836450;1143319910;1143319911;
98836450;1143319911;1143319908;
98836450;1143319908;1143319909;
98836450;1143319909;1145513092;
98836450;1145513092;4777852537;
98836450;4777852537;1143319914;
98836450;1143319914;1143319916;
98836451;1143317050;3098121111;
98836451;3098121111;5378037898;
99016332;1145514253;1145511773;
99016332;1145511773;1145511353;
99016332;1145511353;1143317074;
99016340;1145514343;1145513799;
99016353;1145512291;1145514559;
99016353;1145514559;1145513869;
99016353;1145513869;1145511483;
99016371;1145512239;1145514848;
99016371;1145514848;1145511256;
99016371;1145511256;1143316570;
99016372;1145515059;1145512345;
99016377;1145511954;5402443801;
99016377;5402443801;5402445996;
99016377;5402445996;1145514002;
99016377;1145514002;5402445997;
99016377;5402445997;1145513523;
99016377;1145513523;1145511174;
99016377;1145511174;5402445998;
99016377;5402445998;5402443802;
99016377;5402443802;1145514735;
99016379;1145514006;1145512531;
99016379;1145512531;1145513530;
99016379;1145513530;1145511388;
99016379;1145511388;1145511841;
99016379;1145511841;1145514339;
99016379;1145514339;1143319908;
99016397;1145514006;1145514214;
99016413;1145512691;1145511968;
99016413;1145511968;1145511546;
99016413;1145511546;1145511134;
99016413;1145511134;1145512910;
99016413;1145512910;1145512090;
99016413;1145512090;1145514746;
99016413;1145514746;1145514007;
99016413;1145514007;1145511591;
99016435;1145512278;1145513804;
99016435;1145513804;1145511385;
99016435;1145511385;1145511687;
99016490;1145512857;1145511670;
99016490;1145511670;1145514955;
99016490;1145514955;1145512156;
99016490;1145512156;1145513780;
99016513;1143317106;1145512032;
99016513;1145512032;1145511484;
99016513;1145511484;1145513701;
99016615;1143317811;1143316536;
99016615;1143316536;1145511351;
99016615;1145511351;1145512377;
99016615;1145512377;1145514343;
99016615;1145514343;1143318753;
99016615;1143318753;1143316553;
99016638;1145513905;1145511117;
99016638;1145511117;1145514603;
99016638;1145514603;1145512059;
99016638;1145512059;1145511522;
99016638;1145511522;1145513726;
99016638;1145513726;1145512858;
99016638;1145512858;1145514253;
99016638;1145514253;1145514968;
99016638;1145514968;1145514189;
99016638;1145514189;1145512158;
99016638;1145512158;1145512123;
99016666;1145511670;1145511483;
99016666;1145511483;1145511099;
99016670;1145512158;1145514824;
99016670;1145514824;1145513428;
99016670;1145513428;1145514074;
99016670;1145514074;1145511626;
99016670;1145511626;1145511234;
99016670;1145511234;1145513169;
99016670;1145513169;1145512219;
99016670;1145512219;1145514397;
99016670;1145514397;1145513796;
99016670;1145513796;1145514824;
99016682;1145512857;1145513266;
99016682;1145513266;1145515146;
99016682;1145515146;1145512441;
99016682;1145512441;1145511816;
99016694;1143316570;1145513813;
99016694;1145513813;1145513185;
99016694;1145513185;1145511038;
99016694;1145511038;1145514460;
99016694;1145514460;5402445995;
99016694;5402445995;5402445994;
99016711;1143318358;1145513048;
99016711;1145513048;1145512156;
99016712;1143319915;4780121738;
99016712;4780121738;1145512054;
99016712;1145512054;1145514185;
99016712;1145514185;1145511112;
99016732;1145512437;1145511811;
99016732;1145511811;1145513968;
99016732;1145513968;1145513491;
99016732;1145513491;4777852538;
99016732;4777852538;1145511153;
99016732;1145511153;1145514676;
99016732;1145514676;1145512112;
99016732;1145512112;1145511568;
99016732;1145511568;1145513758;
99016732;1145513758;1145512968;
99016732;1145512968;1145515082;
99016732;1145515082;2086406854;
99016732;2086406854;1145514250;
99016760;1145514073;1145513626;
99016760;1145513626;1145512083;
99016763;1145514042;1145513780;
99016763;1145513780;1145511518;
99016763;1145511518;1145511099;
99016763;1145511099;1145512291;
99016763;1145512291;1145513724;
99016763;1145513724;1145512857;
99016775;1143316553;1145513895;
99016775;1145513895;1143318187;
99016775;1143318187;1145511591;
99016775;1145511591;1771990317;
99016775;1771990317;1771990318;
110561019;1143317646;1262328924;
110561019;1262328924;1262329071;
110561019;1262329071;1262329195;
117425200;1322941130;1322933909;
117425200;1322933909;1322958230;
117425200;1322958230;4761603003;
117425200;4761603003;1322933984;
117425200;1322933984;1322952615;
117425200;1322952615;1322925476;
117425200;1322925476;1322919036;
117425200;1322919036;1322927532;
117425200;1322927532;1322936410;
117425200;1322936410;1322931609;
117425200;1322931609;1322955782;
117425200;1322955782;1322945965;
117425200;1322945965;1322922516;
117425200;1322922516;1132441729;
117425201;1322954765;1322960311;
117425201;1322960311;4761559918;
117425201;4761559918;1322932617;
117425201;1322932617;4761559919;
117425201;4761559919;4761559920;
117425201;4761559920;1322926295;
117425201;1322926295;1322949887;
117425205;3091618547;1322940632;
117425205;1322940632;5308435213;
117425205;5308435213;1322921548;
117425205;1322921548;5308435214;
117425205;5308435214;1322927044;
117425205;1322927044;1322923980;
117425205;1322923980;4761570120;
117425205;4761570120;1322939715;
117425206;1322943828;4761559907;
117425206;4761559907;1322935645;
117425223;1322927532;1322956660;
117425223;1322956660;1322947597;
117425223;1322947597;4761603006;
117425223;4761603006;4761603005;
117425223;4761603005;1322923136;
117425223;1322923136;1322917677;
117425223;1322917677;4761603004;
117425223;4761603004;1322933984;
117425225;1322918142;1322957765;
117425225;1322957765;1322941786;
117425225;1322941786;1322933976;
117425225;1322933976;1322928141;
117425225;1322928141;1322952771;
117425225;1322952771;1322941814;
117425225;1322941814;1322919045;
117425225;1322919045;1322958241;
117425225;1322958241;4761242007;
117425225;4761242007;1322919379;
117425225;1322919379;1322960331;
117425225;1322960331;4761242008;
117425225;4761242008;1322954772;
117425225;1322954772;4761242009;
117425225;4761242009;1322926389;
117425225;1322926389;1322919535;
117425225;1322919535;1322939940;
117425225;1322939940;1322932623;
117425225;1322932623;1322957212;
117425225;1322957212;1322950882;
117425225;1322950882;1131361602;
117425234;1131361602;1322935120;
117425234;1322935120;1322960248;
117425234;1322960248;1322930952;
117425234;1322930952;4761570935;
117425234;4761570935;1322924620;
117425234;1322924620;1322944207;
117425234;1322944207;1322935725;
117425234;1322935725;4761570924;
117425234;4761570924;1322960368;
117425234;1322960368;1322954898;
117425234;1322954898;1322926567;
117425234;1322926567;1322920126;
117425234;1322920126;1322940187;
117425234;1322940187;4761570922;
117425234;4761570922;1322932640;
117425234;1322932640;1322957347;
117425234;1322957347;1322950944;
117425234;1322950944;1322923980;
117425239;1322923175;1322928749;
117425239;1322928749;1322953005;
117425239;1322953005;1322942054;
117425239;1322942054;1322919139;
117425239;1322919139;1322959255;
117425239;1322959255;1322935191;
117425239;1322935191;1322929737;
117425239;1322929737;1322954046;
117425239;1322954046;1322943786;
117425239;1322943786;1322919379;
117425285;1322939715;4761570921;
117425285;4761570921;1322932063;
117425285;1322932063;4761570119;
117425285;4761570119;1322956137;
117425285;1322956137;1322946463;
117425285;1322946463;4761559917;
117425285;4761559917;1322919520;
117425285;1322919520;4761559916;
117425285;4761559916;1322936348;
117425285;1322936348;1322916952;
117425285;1322916952;1322952610;
117425285;1322952610;4761559915;
117425285;4761559915;1322928802;
117425285;1322928802;1322919000;
117425285;1322919000;1322923209;
117425285;1322923209;1322942093;
117425285;1322942093;1322934015;
117425285;1322934015;1322959302;
117425285;1322959302;1322953019;
117425285;1322953019;1322932275;
117425285;1322932275;1322925790;
117425285;1322925790;1322919204;
117425285;1322919204;1322936924;
117425285;1322936924;1322932176;
117425285;1322932176;1322956361;
117425285;1322956361;1322947581;
117425285;1322947581;1322923131;
117425285;1322923131;1322917608;
117425285;1322917608;1322933979;
117425285;1322933979;1322928407;
117425285;1322928407;1322957176;
117425285;1322957176;1322948842;
117425285;1322948842;1322923806;
117425285;1322923806;1322918142;
117425286;1322939715;1322922067;
117425286;1322922067;1322947587;
117425286;1322947587;4761560251;
117425286;4761560251;1322949887;
117425286;1322949887;1322932781;
117425286;1322932781;4761560252;
117425286;4761560252;1322926638;
117425286;1322926638;1322951611;
117425286;1322951611;5308435219;
117425286;5308435219;4761565825;
117425286;4761565825;4761565824;
117425286;4761565824;4761565823;
117425286;4761565823;4761565822;
117425286;4761565822;1322924627;
117425286;1322924627;1322944218;
117425286;1322944218;1322935728;
117425286;1322935728;4761565821;
117425286;4761565821;1322960375;
117425287;1322932275;1322956675;
117425287;1322956675;4761242006;
117425287;4761242006;4761242004;
117425287;4761242004;1322947678;
117425287;1322947678;4761242005;
117425287;4761242005;1322923175;
117425299;1322922056;1322917254;
117425299;1322917254;1322933666;
117425299;1322933666;1322927516;
117425299;1322927516;1322952479;
117425299;1322952479;1322940917;
117425299;1322940917;1322929018;
117425311;1322919000;1322957906;
117425311;1322957906;4761559914;
117425311;4761559914;1322931377;
117425311;1322931377;1322924882;
117425311;1322924882;1322945064;
117425311;1322945064;1322936340;
117425311;1322936340;1322916926;
117425311;1322916926;1322955433;
117425311;1322955433;1322943828;
117425311;1322943828;1322926866;
117425311;1322926866;4761559898;
117425311;4761559898;1322921522;
117425311;1322921522;1322940599;
117425311;1322940599;4761559897;
117425311;4761559897;1322933194;
117425311;1322933194;1322917276;
117425311;1322917276;4761559896;
117425311;4761559896;4761559895;
117425311;4761559895;1322956111;
117425311;1322956111;1322927817;
117425311;1322927817;1322922960;
117425311;1322922960;1322941119;
117425311;1322941119;1322933884;
117425317;1322954765;1322943893;
117425317;1322943893;1322919520;
117425401;1322951765;1322951599;
117425401;1322951599;1322924077;
117425401;1322924077;1322918258;
117425401;1322918258;4761560253;
117425401;4761560253;4761560254;
117425401;4761560254;4761560255;
117425401;4761560255;1322935652;
117425401;1322935652;1322930861;
117425401;1322930861;1322954765;
117425432;1322917239;1322955756;
117425432;1322955756;4761559885;
117425432;4761559885;1322932083;
117425432;1322932083;1322925711;
117425432;1322925711;1322947552;
117425474;1132441864;1322919208;
117425474;1322919208;4183449179;
117425474;4183449179;1322959314;
117425474;1322959314;1322932182;
117425474;1322932182;1322925799;
117425474;1322925799;1322954752;
117425474;1322954752;1322943864;
117425474;1322943864;1322919457;
135404443;1143317348;1145512262;
135404444;1143318399;2092787405;
135404444;2092787405;5378037839;
135404444;5378037839;2092787440;
135404444;2092787440;5378037843;
135404444;5378037843;3398945583;
135404444;3398945583;1143318084;
135404444;1143318084;3398945538;
135404444;3398945538;3398945502;
135404444;3398945502;1670345804;
135404444;1670345804;2083541715;
135404444;2083541715;1670345809;
135404444;1670345809;3398945074;
135404444;3398945074;5378037849;
135404444;5378037849;2083541736;
135404444;2083541736;1143316878;
135404444;1143316878;2083541733;
135404444;2083541733;1143316495;
135404444;1143316495;5378037863;
135404444;5378037863;2083541718;
135404444;2083541718;2117161253;
135404444;2117161253;1143318701;
135404444;1143318701;2083867704;
135404444;2083867704;2083866153;
135404444;2083866153;3398944936;
135404444;3398944936;1143317458;
135404444;1143317458;1143316927;
135404444;1143316927;3398944933;
135404444;3398944933;1143318245;
135404444;1143318245;5378037869;
135404444;5378037869;2069933380;
135404444;2069933380;2070408833;
135405244;1487088381;1487088422;
135405244;1487088422;3098121114;
135405244;3098121114;1132441866;
135405246;1143317050;1487088388;
135405246;1487088388;1487088383;
135405246;1487088383;1487088406;
135405246;1487088406;1487088421;
135405246;1487088421;1143317646;
135405246;1143317646;1487088414;
135405246;1487088414;1771990299;
135405246;1771990299;1771990309;
135405246;1771990309;1143317357;
135405246;1143317357;5378037886;
135405246;5378037886;2086412126;
135405246;2086412126;1143317850;
135405246;1143317850;1143317117;
135405246;1143317117;2083836598;
135405246;2083836598;1143318205;
135405246;1143318205;2083836600;
135405246;2083836600;1143316856;
135405246;1143316856;5378037879;
135405246;5378037879;3398944889;
135405246;3398944889;1143317387;
135405246;1143317387;3398944907;
135405246;3398944907;2073790540;
135405246;2073790540;1143318684;
135405251;1143317050;5378037897;
135405455;1103406432;2073778662;
135405455;2073778662;2109303251;
135405455;2109303251;1487095840;
135405455;1487095840;2073790550;
135405455;2073790550;3398944913;
135405455;3398944913;1487095845;
135405455;1487095845;1143317890;
135405456;1143318236;2073799289;
135405456;2073799289;1487095842;
135405456;1487095842;2073797755;
135405456;2073797755;687059302;
135405456;687059302;2083838194;
135405456;2083838194;2069933378;
135405456;2069933378;2073790531;
135405456;2073790531;1487095845;
139455435;1112072631;1528823343;
139455435;1528823343;1528823344;
139455435;1528823344;1528823345;
139455435;1528823345;1528823346;
139455435;1528823346;1528823347;
139455439;1103406367;1528823361;
139455439;1528823361;1528823363;
139455439;1528823363;1528823364;
139455441;1528823361;1528823366;
139455441;1528823366;1528823367;
139455441;1528823367;1528823368;
139455441;1528823368;1528823369;
139455441;1528823369;1528823370;
139455441;1528823370;1528823371;
139455445;1528823383;1528823388;
139455445;1528823388;1528823389;
139455445;1528823389;1528823391;
139455445;1528823391;1528823392;
139455445;1528823392;1528823393;
139455447;1528823364;1528823394;
139455449;1528823394;1528823397;
139455449;1528823397;1528823393;
139455449;1528823393;1528823399;
139455449;1528823399;1112072997;
139455451;1528823347;1528823403;
139455452;1528823403;1528823404;
139455452;1528823404;1103406498;
139455455;1528823302;1528823407;
139455455;1528823407;1528823408;
139455455;1528823408;1528823409;
139455455;1528823409;1528823410;
139455455;1528823410;1528823411;
139455455;1528823411;1103406498;
139455457;1112072997;1528823416;
139455457;1528823416;1528823413;
151516206;1143318507;1143316570;
154508956;1143317982;1143318337;
154508956;1143318337;1143316317;
154508956;1143316317;1143316301;
165660760;1771990340;1771990336;
165660761;1103406370;1771990320;
173072149;634973157;1131292378;
173072149;1131292378;634973161;
173072149;634973161;1131292061;
173072149;1131292061;634973168;
173072149;634973168;1131291758;
173072149;1131291758;634973172;
173072149;634973172;634973178;
173072149;634973178;634973180;
173072149;634973180;1131291534;
173072149;1131291534;634973191;
173072149;634973191;1131292270;
173072149;1131292270;1131291934;
173072151;1838975261;1143177630;
173072163;1838975380;1838975392;
173072163;1838975392;1141655363;
173072167;1838975261;1838975274;
173072167;1838975274;1838975276;
173072173;1838975261;1838975263;
173072173;1838975263;1838975267;
173072173;1838975267;1838975272;
173072181;687058128;1838975347;
173072181;1838975347;4150214109;
173072181;4150214109;4150214110;
173072181;4150214110;1103406409;
173072181;1103406409;1838975382;
173072182;2082846853;1131291762;
173072182;1131291762;1838975296;
173072186;1131291934;1131291651;
173072186;1131291651;1131291436;
173072186;1131291436;634973207;
173072186;634973207;1131292353;
173072186;1131292353;1132441735;
173072186;1132441735;2080641871;
173072186;2080641871;1528762229;
196688918;2069870070;2069870069;
196688918;2069870069;4814140994;
196688918;4814140994;2095644528;
196688918;2095644528;2072674347;
196688918;2072674347;2069870068;
196689032;2069871696;2069871698;
196689927;634063804;2073778659;
196689927;2073778659;1143316608;
196690003;634063811;2073774035;
196690003;2073774035;2073778656;
196690003;2073778656;1487095844;
196690003;1487095844;1487095855;
196690003;1487095855;2072674352;
196690003;2072674352;2072674351;
196690003;2072674351;2069871698;
196690003;2069871698;1487095852;
196690003;1487095852;1487095850;
196690003;1487095850;2073799285;
196690003;2073799285;1487095842;
196690111;634063810;2069881703;
196690111;2069881703;1528762373;
196690111;1528762373;1528762382;
196690111;1528762382;1528762384;
196690111;1528762384;1528762387;
196690111;1528762387;1528762385;
196690111;1528762385;687059302;
196691477;2069893348;2069893347;
196691477;2069893347;1771990337;
196691608;1771990337;2069893349;
196691608;2069893349;2069893348;
196691608;2069893348;2069893346;
196691608;2069893346;2069893350;
196691800;1771990336;1771990327;
196691800;1771990327;1103406370;
196691800;1103406370;1771990321;
196691800;1771990321;1771990322;
196691800;1771990322;1771990325;
196691800;1771990325;1771990328;
196691800;1771990328;1771990338;
196691800;1771990338;1771990337;
196694221;1143317881;2073801545;
196694221;2073801545;2073959498;
196694221;2073959498;1487095850;
196699653;2069954898;2069954903;
196699653;2069954903;2069954901;
196699655;2069954903;2069954895;
196699655;2069954895;2069954897;
196699655;2069954897;2069954899;
196699655;2069954899;2069954900;
196699655;2069954900;2069954898;
196699655;2069954898;2069954896;
196699655;2069954896;2069954902;
196699655;2069954902;1487095842;
196700757;2069959804;2069959805;
196700757;2069959805;2069959802;
196700757;2069959802;2069959803;
196702249;2072674351;2069973477;
196702249;2069973477;2069973478;
196702249;2069973478;2069973481;
196702401;2069978098;2069973478;
196702777;1838975382;687058129;
196702777;687058129;634063809;
196703431;1131291625;1131292264;
196703431;1131292264;1131389562;
196703431;1131389562;1131291363;
196703431;1131291363;1131291742;
196703431;1131291742;1131292056;
196703431;1131292056;1131291831;
196703431;1131291831;4814244969;
196703431;4814244969;1131292166;
196703431;1131292166;1132441678;
196703431;1132441678;2086406857;
196703431;2086406857;1487088383;
196704139;1131291596;1131389635;
196704139;1131389635;2069996212;
196704139;2069996212;2083836601;
196704139;2083836601;1143318205;
196704140;2069996212;2072674346;
196704140;2072674346;2072674345;
196704140;2072674345;2069996214;
196748578;1143318049;5378037871;
196748654;1771990349;5378037874;
196770072;2070612014;2070612009;
196770072;2070612009;2111136893;
196770072;2111136893;3398944892;
196770072;3398944892;2111136884;
196770072;2111136884;2070612012;
196770072;2070612012;1143317907;
197078820;2069881703;2073774035;
197101458;2073957603;1145512239;
197101714;2073970933;2116632425;
197430107;1143316608;2073778664;
197430107;2073778664;634063805;
197863554;1103406489;1103406485;
197863554;1103406485;687058184;
197864914;2080635891;2080635910;
197864914;2080635910;2080635908;
197864914;2080635908;2080635895;
197864914;2080635895;2080635896;
197864914;2080635896;2080635902;
197864914;2080635902;2080635899;
197864914;2080635899;2080635906;
197864914;2080635906;2080635904;
197864914;2080635904;2080635901;
197864914;2080635901;2080635905;
197864914;2080635905;2080635893;
197864914;2080635893;2080635889;
197864914;2080635889;2080635907;
197864914;2080635907;2080635894;
197864915;1131292353;2080635909;
197864915;2080635909;2080635897;
197864916;2080635899;2080635892;
197864916;2080635892;2080635898;
197864916;2080635898;2080635891;
197864917;2080635909;2080635890;
197864917;2080635890;2080635894;
197864917;2080635894;2080635900;
197864917;2080635900;2080635891;
197865351;2080641871;2080641866;
197865368;2341053538;4816596298;
197865368;4816596298;2341053499;
197865368;2341053499;2341053629;
197865368;2341053629;2341053622;
197865368;2341053622;2080642886;
197865369;2080642890;2080642889;
197865369;2080642889;2080642881;
197865369;2080642881;2080642882;
197865369;2080642882;2080642890;
197865369;2080642890;2080642884;
197877646;2080746595;2080746586;
197877646;2080746586;2080746593;
197877646;2080746593;2080746583;
197879140;1145511112;1143319910;
198102008;2111153253;2082838607;
198102008;2082838607;687058150;
198102309;1143177630;1143177716;
198102309;1143177716;5378037876;
198102309;5378037876;2073790538;
198102309;2073790538;1143318684;
198102388;1838975276;2083520835;
198102388;2083520835;3398944898;
198102388;3398944898;1838975296;
198102425;1131292230;1131292102;
198102425;1131292102;1131291353;
198102425;1131291353;1131291766;
198102425;1131291766;1141655363;
198102425;1141655363;1131291543;
198102425;1131291543;4816596135;
198102425;4816596135;4816596140;
198102425;4816596140;1131292039;
198102426;1131292230;2082844372;
198102494;1131292164;2082846849;
198102494;2082846849;1131291656;
198102495;1131291656;1131292294;
198102495;1131292294;1131291398;
198102495;1131291398;1131291687;
198102495;1131291687;1131291593;
198103290;1131291506;4816764872;
198103290;4816764872;1112072402;
198103411;1131291596;1131291721;
198103412;1131291721;1131291506;
198103413;1131291625;1131389598;
198103414;1131291625;1131292354;
198103414;1131292354;4816795486;
198103414;4816795486;3398944858;
198103414;3398944858;1131292177;
198103531;2082854122;2082854116;
198103531;2082854116;2082854124;
198103531;2082854124;2082854125;
198103531;2082854125;1131292153;
198103531;1131292153;2082844372;
198103531;2082844372;1131291968;
198103531;1131291968;1131291656;
198103532;1838975271;1112072402;
198103532;1112072402;1107381209;
198103532;1107381209;2341053634;
198103532;2341053634;3091640418;
198103533;1143177724;1143177761;
198103533;1143177761;1143177630;
198103534;1838975271;2082854117;
198103534;2082854117;2082854122;
198103535;1131291631;2082854122;
198103536;2082854117;2082854120;
198103536;2082854120;1838975290;
198103536;1838975290;1838975288;
198184143;1838975296;1838975293;
198184143;1838975293;1838975341;
198184144;1838975288;1838975294;
198184144;1838975294;1838975296;
198184278;1131291762;1838975380;
198185407;2082854119;1143177724;
198222435;2083838194;2111649062;
198222435;2111649062;2083838195;
198222435;2083838195;2083838193;
198222435;2083838193;2083838196;
198222435;2083838196;2111649064;
198223681;1143316553;1145511281;
198223681;1145511281;1145512311;
198223681;1145512311;1143316811;
198223681;1143316811;1838975252;
198223681;1838975252;1143317348;
198224026;2083855066;1143318512;
198224026;1143318512;2116789666;
198224026;2116789666;2083906791;
198224026;2083906791;3398944914;
198224026;3398944914;1143316608;
198224029;2083855066;1143316879;
198224454;2083856437;2083856435;
198224455;2083856437;1143318639;
198224455;1143318639;2073957603;
198224455;2073957603;2083917553;
198224455;2083917553;4805972293;
198224455;4805972293;2069893350;
198224455;2069893350;1143317098;
198230490;2083906791;2083906794;
198230490;2083906794;2083906795;
198230490;2083906795;2083906790;
198230490;2083906790;2083906792;
198230490;2083906792;2083906796;
198491302;2086212989;2086212994;
198516109;2086448456;2086448454;
198516109;2086448454;2086448452;
198516561;1143318462;2073957944;
198516561;2073957944;2073803077;
198516561;2073803077;1143317168;
198516562;1143317168;1143318291;
198516562;1143318291;1143317936;
198516562;1143317936;1143316317;
198648518;2087549215;2087549190;
198648518;2087549190;1131361693;
198648518;1131361693;3913796196;
198648518;3913796196;3913796203;
198648518;3913796203;1131361128;
198648518;1131361128;3913794279;
198648518;3913794279;1131361544;
198648518;1131361544;1131361041;
198648518;1131361041;3913794281;
198648518;3913794281;1131361430;
198648518;1131361430;1131360958;
198648518;1131360958;1131361826;
198648518;1131361826;1131361242;
198648518;1131361242;3913796190;
198648518;3913796190;1131360919;
198648518;1131360919;3913796188;
198648518;3913796188;1322931598;
198648518;1322931598;1131361706;
198648518;1131361706;1131361155;
198648518;1131361155;1322953695;
198648518;1322953695;1322918452;
198648518;1322918452;1322932096;
198648518;1322932096;1131360843;
198648518;1131360843;1533383176;
198648518;1533383176;4381004537;
198648518;4381004537;4381004760;
198648518;4381004760;1132441757;
198648518;1132441757;1131361027;
198648518;1131361027;1132441855;
198648518;1132441855;3913794301;
198648518;3913794301;1131360903;
198648518;1131360903;1132441743;
198648518;1132441743;1131361219;
198648518;1131361219;1132441673;
198648518;1132441673;1131361099;
198648518;1131361099;1131360874;
198648518;1131360874;1131361522;
198648518;1131361522;1131361013;
198648518;1131361013;1131360783;
200833462;2107918554;2107918569;
200833462;2107918569;2107918556;
200833462;2107918556;2107918584;
200833462;2107918584;2107918551;
200833462;2107918551;1103406432;
200860488;2080746595;2080746800;
200860488;2080746800;1838975470;
200860488;1838975470;1143317865;
200976211;2109303260;2109303251;
201508410;1528762387;2115060675;
201508411;2115060675;2115060674;
201508411;2115060674;2115060673;
201636154;2116632420;2116632427;
201636154;2116632427;2116632418;
201636154;2116632418;2116632415;
201636154;2116632415;2116632424;
201636154;2116632424;2116632421;
201636154;2116632421;2116632429;
201636154;2116632429;2116632423;
201636154;2116632423;2116632428;
201636154;2116632428;2116632426;
201636155;2116632425;3398944935;
201647981;2116789678;2116789666;
225312151;2341053634;2341053681;
225312151;2341053681;2341053567;
225312151;2341053567;2080642886;
225312154;2341053569;3091634680;
225312154;3091634680;2080635897;
225312154;2080635897;2341053721;
225312154;2341053721;2341053703;
225312154;2341053703;2341053485;
225312154;2341053485;2341053481;
225312154;2341053481;2341053718;
225312154;2341053718;2341053542;
257711520;1145513905;1143316455;
257711520;1143316455;1145512691;
257711520;1145512691;1143318010;
257711520;1143318010;1145511816;
257711520;1145511816;1143318358;
257711520;1143318358;1143317629;
257711521;1143318496;1143317106;
258294077;1143317106;1143316592;
258294077;1143316592;1143317658;
258294077;1143317658;1143317136;
258294077;1143317136;1143317629;
258294083;1143318496;5378037884;
258294083;5378037884;3398944873;
258294083;3398944873;1143316152;
258900075;1131291973;1103406299;
258900077;2642099386;2642099387;
258900077;2642099387;2642099388;
258900077;2642099388;3398944920;
258900078;1103406484;1131291992;
258900080;1131291992;2642099389;
258900080;2642099389;2642099390;
258900080;2642099390;2642099391;
259243986;2080642886;2080643550;
259243986;2080643550;2080642885;
259243986;2080642885;2080642882;
259243986;2080642882;2080642883;
259243986;2080642883;2080642891;
259243986;2080642891;2080642887;
259243986;2080642887;2080642884;
259243986;2080642884;2080642883;
259475462;1132441910;2648895159;
259475462;2648895159;2648895161;
259475462;2648895161;1132441795;
259476745;1132441739;3961386143;
259476745;3961386143;4381004746;
259476745;4381004746;3805953379;
259476745;3805953379;4381004512;
259476745;4381004512;4381004134;
259476745;4381004134;1131361537;
259476745;1131361537;2648942368;
259476745;2648942368;1322919115;
259476745;1322919115;1322960257;
259476745;1322960257;1131360889;
259476745;1131360889;1131361116;
259476745;1131361116;4381003382;
259476745;4381003382;3913796189;
259476745;3913796189;1131361689;
259476745;1131361689;5307367463;
259476745;5307367463;1131360912;
259476745;1131360912;2087544367;
259476745;2087544367;1131361350;
259476745;1131361350;2087544418;
259476745;2087544418;1131361180;
259476745;1131361180;3913794294;
259476745;3913794294;2087544379;
259476745;2087544379;1131361750;
259476745;1131361750;1131360792;
259476745;1131360792;1131360767;
259476745;1131360767;1131360987;
259476745;1131360987;3913794280;
259476745;3913794280;1131360974;
259476745;1131360974;3913796202;
259476745;3913796202;1131361459;
259476745;1131361459;2087549198;
259476745;2087549198;2087549213;
259476746;1132441859;1132442008;
259476746;1132442008;1131360786;
259476746;1131360786;1132441739;
303512914;1142604501;1142608838;
303512914;1142608838;1142606663;
303512914;1142606663;1142607841;
303512914;1142607841;1142605905;
303512914;1142605905;1142603919;
303512914;1142603919;1142606303;
303512916;1142606303;1142608433;
303515525;3078856492;3084404735;
303515525;3084404735;3398944875;
303515525;3398944875;3398944876;
303515525;3398944876;3078856491;
303515525;3078856491;1131292024;
303924847;1131291768;1131291813;
303924847;1131291813;1131292159;
303924847;1131292159;1131292444;
303924847;1131292444;1131291514;
303924847;1131291514;1131291383;
303924847;1131291383;1131291470;
303924848;1131291516;1131291568;
303924848;1131291568;1131292446;
303924848;1131292446;1131291486;
303924848;1131291486;1131291704;
303924848;1131291704;1131292007;
303924848;1131292007;1131291879;
303924849;1131292177;1131292123;
303924849;1131292123;1131389588;
303924849;1131389588;1131291470;
303924849;1131291470;1131291796;
303924849;1131291796;1131291879;
303924849;1131291879;3398944855;
303924849;3398944855;1131291834;
303924849;1131291834;1131291382;
303924849;1131291382;3398944853;
303924849;3398944853;1131389600;
303924850;1131292254;4816689739;
303924850;4816689739;1131292300;
303924850;1131292300;1131292177;
303925839;1131291672;1131389665;
303925839;1131389665;1131292374;
303925839;1131292374;1131291372;
303925839;1131291372;1131292267;
303925839;1131292267;1131291912;
303930630;2069996210;5376819728;
303930630;5376819728;1131291596;
303932037;1131291786;1132441711;
303932037;1132441711;1132441891;
303932037;1132441891;1132441810;
303932037;1132441810;1132441691;
303932037;1132441691;1132441874;
303932037;1132441874;1131361027;
304589602;1143317649;1143317619;
304589603;1143317649;1143318004;
304589603;1143318004;1143316603;
304589603;1143316603;1143317126;
304589603;1143317126;1643292881;
304589603;1643292881;1143316644;
304591114;3091521272;1643293105;
304591114;1643293105;1143318841;
304591114;1143318841;1143316146;
304591114;1143316146;1143318507;
304595365;3091571595;3091571594;
304595365;3091571594;1131292153;
304596207;1131292024;1131291549;
304596207;1131291549;1131292092;
304596207;1131292092;3398944884;
304596207;3398944884;1131291433;
304596207;1131291433;3398944881;
304596207;3398944881;1131292254;
304599428;3091618547;1322933601;
304599430;1322941873;4761605329;
304599430;4761605329;4761605324;
304599430;4761605324;1131361435;
304599430;1131361435;4761605323;
304599430;4761605323;1322940391;
304599430;1322940391;1131360898;
304599430;1131360898;2341053595;
304599430;2341053595;4761603014;
304599430;4761603014;1131361307;
304599430;1131361307;1322943762;
304599430;1322943762;1131360779;
304599430;1131360779;4761603013;
304599430;4761603013;4761603012;
304599430;4761603012;1322951776;
304599430;1322951776;1131361004;
304599430;1131361004;1322935150;
304599430;1322935150;1131361385;
304599430;1131361385;1131360807;
304599430;1131360807;1132441921;
304599430;1132441921;1131361047;
304599430;1131361047;1132441829;
304599430;1132441829;1132441729;
304599430;1132441729;1132441845;
304599430;1132441845;1131361602;
304599430;1131361602;1132442020;
304599430;1132442020;4889525608;
304599430;4889525608;1322929018;
304599430;1322929018;1322933601;
304599431;1322933601;1322953367;
304599431;1322953367;1322934083;
304599432;1528762298;1132441674;
304599432;1132441674;1132441662;
304599432;1132441662;4761242012;
304599432;4761242012;1131360948;
304599432;1131360948;4761242011;
304599432;4761242011;4183449180;
304599432;4183449180;1131361775;
304599432;1131361775;1322919457;
304599432;1322919457;1322955777;
304599432;1322955777;1322934083;
304599433;1322934083;3091618547;
304600916;634969200;3091640418;
304601215;1112072402;3091643066;
304601216;2082854122;2082854119;
305212515;3098121119;4204385589;
305212515;4204385589;5378037900;
305212515;5378037900;1132441866;
305212516;3098121115;1112072055;
305212516;1112072055;1112072721;
305212516;1112072721;1112073237;
305212516;1112073237;1112073366;
305212516;1112073366;1112072946;
332760507;3091640418;1838975259;
332760583;1131291375;2082846853;
332760591;3398944935;2073959498;
332760594;3398944920;1131291973;
332760595;1131291375;1131291656;
332760609;3398944923;1131291973;
332760622;3398944906;3398944900;
332760622;3398944900;3398944892;
360926338;1132441965;1132442011;
388164009;3913794301;3913794302;
388164009;3913794302;3913794303;
388164009;3913794303;3913794304;
388164009;3913794304;3913794305;
388164009;3913794305;3913794306;
388164009;3913794306;3913794307;
388164009;3913794307;2648942341;
392952118;3961386131;3961386132;
392952118;3961386132;3961386133;
392952118;3961386133;4381004367;
392952118;4381004367;3961386134;
392952118;3961386134;3961386135;
392952118;3961386135;4381004370;
392952118;4381004370;3961386136;
392952118;3961386136;3961386137;
392952118;3961386137;4381004904;
392952118;4381004904;3961386138;
392952118;3961386138;3961386139;
392952118;3961386139;3961386140;
392952118;3961386140;4381004769;
392952118;4381004769;3961386141;
392952118;3961386141;3961386142;
392952118;3961386142;3961386143;
413764948;1771990319;4150214122;
413764948;4150214122;1771990316;
413764948;1771990316;4150214121;
413764948;4150214121;1771990314;
413764948;1771990314;4150214120;
413764948;4150214120;687058160;
413764948;687058160;687058161;
413764948;687058161;4150214123;
413764948;4150214123;4150214124;
413764948;4150214124;4150214125;
413764948;4150214125;1103406444;
413764948;1103406444;4150214107;
413764948;4150214107;4150214126;
413764948;4150214126;4150214108;
413764948;4150214108;4150214127;
413764948;4150214127;1103406416;
413764948;1103406416;4150214128;
413764948;4150214128;1143177680;
413764948;1143177680;4150214129;
413764948;4150214129;1103406477;
413764948;1103406477;4150214130;
413764948;4150214130;1143177610;
413764948;1143177610;1103406346;
413764951;1771990320;1771990319;
417873291;1132441888;4183504476;
417873291;4183504476;1132441869;
417873291;1132441869;4183504477;
417873291;4183504477;4183504478;
417873294;4183504478;2341053695;
417873294;2341053695;4183504479;
417873297;4183504479;2341053553;
417873297;2341053553;4183504480;
417873297;4183504480;1132441746;
417875347;1132442006;4183518298;
417875347;4183518298;4183518299;
417875347;4183518299;4183518300;
417875347;4183518300;4183518301;
417875347;4183518301;4183518302;
417875347;4183518302;4786922305;
417875347;4786922305;4183518303;
417875347;4183518303;4183518304;
417875347;4183518304;4786922303;
417875347;4786922303;4183518305;
417875350;4183518305;4183518306;
417875350;4183518306;4183518307;
417875350;4183518307;4183518308;
417875350;4183518308;1132441659;
417885574;1131292004;1141655368;
417885574;1141655368;1131292039;
417885574;1131292039;1141655077;
417885574;1141655077;1107381209;
417885575;1107381209;4183581416;
417885575;4183581416;4816690068;
417885575;4816690068;4183581417;
417885575;4183581417;4183581418;
417885575;4183581418;1131389587;
417885575;1131389587;4183581419;
417885575;4183581419;1131389621;
417885575;1131389621;1131291768;
417885575;1131291768;1131292161;
417912866;4183836439;4183836440;
417912866;4183836440;4183836441;
417912867;4183836441;4183836442;
417912867;4183836442;4183836443;
417912867;4183836443;4183836444;
417912867;4183836444;4183836445;
420504399;1132441866;4814244967;
440374778;4381004760;4381004746;
440374950;4381004728;4381004946;
440374950;4381004946;4381004965;
440374950;4381004965;4381004973;
440374950;4381004973;4381004971;
440374950;4381004971;4381004928;
440374950;4381004928;4381004784;
440374950;4381004784;4381004744;
440374950;4381004744;4381004563;
440374950;4381004563;4381004318;
440374950;4381004318;4381004493;
440374950;4381004493;4381004565;
440374950;4381004565;4381004747;
440374973;4381004732;4381004565;
440374975;4381004563;4381004537;
440374980;4381004916;4381004949;
440374983;4381004561;4381004769;
440374988;4381004379;4381004505;
440374988;4381004505;4381004556;
440374990;4381004576;4381004556;
440374990;4381004556;4381004517;
440374992;4381004581;4381004339;
440374992;4381004339;2086212995;
440374995;3961386131;4381004907;
440374995;4381004907;4381004901;
440374997;3961386132;4381004754;
440374997;4381004754;4381004901;
440374999;4381004904;4381004923;
440374999;4381004923;4381004947;
440375000;4381004992;4381004994;
440375000;4381004994;4381004993;
440375002;4381004579;4381004732;
440375002;4381004732;4381004786;
440375002;4381004786;4381004747;
440375008;4381004347;4381004380;
440375008;4381004380;4381004539;
440375008;4381004539;4381004710;
440375010;3961386137;5084234337;
440375010;5084234337;4381004905;
440375010;4381004905;4381004919;
440375010;4381004919;4381004955;
440375011;4381004746;4381004548;
440375011;4381004548;4381004506;
440375011;4381004506;4381004374;
440375011;4381004374;4381004144;
440375013;4381004971;4381004935;
440375013;4381004935;4381004925;
440375013;4381004925;4381004914;
440375013;4381004914;4381004784;
440375021;4381004964;4381004986;
440375021;4381004986;4381004982;
440375021;4381004982;4381004916;
440375021;4381004916;4381004901;
440375025;3961386139;4381004936;
440375025;4381004936;4381004947;
440375025;4381004947;5084234323;
440375025;5084234323;4381005016;
440375025;4381005016;4381005021;
440375025;4381005021;4381005019;
440375025;4381005019;4381004997;
440375025;4381004997;4381004988;
440375025;4381004988;4381004974;
483420267;4761570119;4761570118;
483420267;4761570118;4761570117;
483420267;4761570117;4761570110;
483420267;4761570110;4761570111;
483420267;4761570111;4761570112;
483420267;4761570112;4761570113;
483420267;4761570113;4761570114;
483420267;4761570114;4761570115;
483420267;4761570115;4761570116;
483420269;4761570935;4761570936;
483420269;4761570936;4761570937;
483420269;4761570937;4761570938;
483420269;4761570938;4761570939;
483420269;4761570939;4761570940;
483420269;4761570940;4761570941;
483420269;4761570941;4761570942;
483420269;4761570942;4761570943;
483420269;4761570943;4761570944;
483420269;4761570944;4761570945;
483420269;4761570945;4761570946;
483420269;4761570946;4761570947;
483420269;4761570947;4761570948;
483420269;4761570948;4761570949;
483420269;4761570949;4761570950;
483420269;4761570950;4761570951;
483695117;1487088381;1132441749;
483695117;1132441749;1132441800;
483695117;1132441800;3098121118;
483695117;3098121118;1132441767;
483695117;1132441767;3098121115;
483695118;1143318342;5378037893;
483695118;5378037893;1487088415;
483695118;1487088415;1487088402;
483695118;1487088402;1487088386;
483695118;1487088386;1487088381;
483695119;1132441866;4204420689;
483695119;4204420689;1112072610;
483695119;1112072610;5378037896;
483695119;5378037896;1143317050;
483695120;1143318049;1143316632;
483695120;1143316632;2073790535;
483695120;2073790535;2095644533;
483695120;2095644533;1143316228;
483695120;1143316228;3398944934;
483695120;3398944934;1143316623;
483695120;1143316623;1143316178;
483695120;1143316178;3398944937;
483695120;3398944937;1838975474;
483695120;1838975474;5378037864;
483695120;5378037864;2083867722;
483695120;2083867722;1143318229;
483695120;1143318229;2083541730;
483695120;2083541730;2083537095;
483695120;2083537095;5378037850;
483695120;5378037850;2083541723;
483695120;2083541723;1143317428;
483695120;1143317428;2083541728;
483695120;2083541728;3398945131;
483695120;3398945131;5378037862;
483695120;5378037862;4813311674;
483695120;4813311674;2083541739;
483695120;2083541739;3398945505;
483695120;3398945505;5378037844;
483695120;5378037844;3398945552;
483695120;3398945552;1143316478;
483695120;1143316478;3398945568;
483695120;3398945568;1143316898;
483695120;1143316898;2092787438;
483695120;2092787438;5378037840;
483695120;5378037840;5378037836;
483695120;5378037836;2092787399;
483695120;2092787399;1143317210;
483695120;1143317210;2092787447;
483695120;2092787447;1143317739;
483695120;1143317739;2092787446;
483695120;2092787446;1143316262;
483695120;1143316262;4807792177;
483695120;4807792177;5378037831;
483695120;5378037831;2092787419;
483695120;2092787419;1143316649;
483695120;1143316649;1143318262;
483695120;1143318262;5378037833;
483695120;5378037833;1143318562;
483695120;1143318562;5376568754;
483695121;1143317890;5378037873;
483695121;5378037873;2073790542;
483695121;2073790542;1771990349;
483695121;1771990349;2073790553;
483695121;2073790553;3398944906;
483695121;3398944906;2070612014;
483695121;2070612014;5378037878;
483695121;5378037878;1143317907;
483695122;2070408833;2073790547;
483695122;2073790547;1143317890;
483695123;1143317415;1143318462;
483695123;1143318462;1143317719;
483695123;1143317719;1143318065;
483695123;1143318065;1143317982;
483695123;1143317982;1143316640;
483695123;1143316640;1143316417;
483695124;1143316879;1143317415;
483715721;1143317098;1838975253;
483715721;1838975253;1143317348;
483715722;1143317619;1143318507;
483715724;1143177830;1143177643;
483715724;1143177643;1143177846;
483715724;1143177846;1143177665;
483715724;1143177665;1143177819;
483715724;1143177819;1143177683;
483715724;1143177683;1143177606;
483715724;1143177606;1143177648;
483715724;1143177648;1143177748;
483715724;1143177748;1143177867;
483715724;1143177867;1771990318;
483715725;1143177806;1143177870;
483715725;1143177870;1143177767;
483715725;1143177767;1143177830;
483715726;1143317907;3398944885;
483715726;3398944885;2083836597;
483715726;2083836597;2083836599;
483715726;2083836599;1143318366;
483715726;1143318366;1143316152;
483715726;1143316152;5378037885;
483715726;5378037885;1143318846;
483715726;1143318846;2086412130;
483715726;2086412130;1771990311;
483715726;1771990311;1771990303;
483715726;1771990303;1143316575;
483715726;1143316575;1143318669;
483715726;1143318669;5378037889;
483715726;5378037889;1771990293;
483715726;1771990293;1143319912;
483715728;1145513444;1145511352;
483715728;1145511352;1143317948;
483715728;1143317948;1145512345;
483715728;1145512345;1143318303;
483715728;1143318303;1143317040;
483715728;1143317040;1145511687;
483715728;1145511687;1143317561;
483715728;1143317561;1145514226;
483715728;1145514226;1143318804;
483715728;1143318804;4801229308;
483715728;4801229308;1143316553;
485232197;1145511112;1145511511;
485232197;1145511511;1145513894;
485232197;1145513894;4780121740;
485232197;4780121740;1145514596;
485232197;1145514596;1145512309;
485232197;1145512309;1145513420;
485232197;1145513420;1145511329;
485232197;1145511329;1145511747;
485232197;1145511747;1145514214;
485232198;1145514006;1145513760;
485232198;1145513760;1145511584;
485232198;1145511584;4793297651;
485232198;4793297651;4793297578;
485232198;4793297578;1145511182;
485232198;1145511182;1145511687;
485232202;1145512123;1145511570;
485232202;1145511570;1145513760;
485500082;2648942341;1132441859;
485500083;2648942341;1132441909;
485500083;1132441909;1132441815;
485500083;1132441815;1132441723;
485500083;1132441723;1132441698;
485500083;1132441698;1132441838;
485500083;1132441838;1132442007;
485500083;1132442007;1132441741;
485500083;1132441741;4381004992;
485500083;4381004992;1132441852;
485500084;1132441852;1132441666;
486816837;1145510997;1145514381;
486816837;1145514381;1145511869;
486816837;1145511869;1145511404;
486816837;1145511404;1145513546;
489140723;4814141102;4814141103;
489148741;1131292267;4814244972;
489148741;4814244972;4814244971;
489148741;4814244971;4814244970;
489148741;4814244970;4814244969;
489425702;3805946419;4816593998;
489425702;4816593998;3805946441;
489425703;3805946441;1141655363;
489425729;4816596135;4816596136;
489425729;4816596136;4816596137;
489425729;4816596137;4816596138;
489425729;4816596138;4816596139;
489425729;4816596139;4816596140;
489425781;4816596298;4816596299;
489425782;4816596298;4816596300;
489425814;4816596471;1131292037;
489425814;1131292037;1131291619;
489425814;1131291619;1131291865;
489425814;1131291865;1131292195;
489425814;1131292195;1131291469;
489425814;1131291469;1132441862;
489425814;1132441862;1132441706;
489425814;1132441706;1131291965;
489425814;1131291965;1131292297;
489425814;1131292297;1131291786;
489425815;1131291736;4816596471;
489425817;4816596509;1112073566;
489425818;4816596508;1112072636;
489425818;1112072636;4816596539;
489425819;4816596507;4816596508;
489425820;1112073566;1112072347;
489425823;1112073042;1112072376;
489425823;1112072376;1112072816;
489425823;1112072816;1112072191;
489425823;1112072191;1112073248;
489425823;1112073248;3098121119;
489425824;1112072946;4816596538;
489425825;4816596538;1112073292;
489425825;1112073292;4816596509;
489425826;4816596539;1112073042;
489435574;1131291912;1131389600;
489639913;1131291672;1131292121;
489639913;1131292121;1131389643;
489639913;1131389643;1131389620;
497386504;4889525596;4889525595;
497386505;4889525599;4889525598;
497386505;4889525598;4889525596;
497386505;4889525596;4889525597;
497386506;4889525601;4889525600;
497386506;4889525600;4889525607;
497386508;4889525608;4889525599;
497386508;4889525599;4889525607;
497386508;4889525607;4889525606;
497386508;4889525606;4889525605;
497386508;4889525605;4889525604;
497386508;4889525604;4889525603;
497386508;4889525603;4889525601;
497386508;4889525601;4889525602;
521870923;4381004581;4381004889;
521870923;4381004889;4381004964;
521870924;3961386131;5084233720;
521870925;5084234323;5084234322;
521870925;5084234322;5084234321;
521870925;5084234321;4381004923;
521870928;5084234335;5084234334;
521870928;5084234334;5084234328;
521870930;5084234329;5084234333;
521870930;5084234333;4381004949;
521870931;5084234331;5084234330;
521870931;5084234330;4381004988;
521870932;5084234331;5084234332;
521870934;4381004955;4381004974;
557662773;5378037871;2086950118;
557662773;2086950118;2070408835;
557662773;2070408835;5378037872;
557662774;5378037872;2070408833;
557662775;5378037874;2070409956;
557662775;2070409956;2086950117;
557662775;2086950117;5378037875;
557662777;5378037875;1143318684;
557662779;1143318684;1771990345;
557662779;1771990345;5378037877;
557662779;5378037877;5378037870;
557662779;5378037870;2073790544;
557662779;2073790544;1143318049;
557662780;1838975341;1838975362;
557662780;1838975362;2073790538;
557662781;5378037882;1143317387;
557662782;5378037883;2086950116;
557662782;2086950116;1143318374;
557662782;1143318374;5378037882;
557662783;5378037887;1112072276;
557662783;1112072276;2086401406;
557662783;2086401406;5378037888;
557662784;5378037888;1143318846;
557662785;1143319912;2086406852;
557662785;2086406852;5378037890;
557662785;5378037890;1145514250;
557662785;1145514250;2086406855;
557662785;2086406855;1143316867;
557662786;1143316867;1143316624;
557662786;1143316624;5378406121;
557662786;5378406121;2080754980;
557662786;2080754980;5378406129;
557662786;5378406129;5378406125;
557662786;5378406125;1143316203;
557662786;1143316203;1143317694;
557662786;1143317694;1487048573;
557662786;1487048573;5378406131;
557662787;5378037891;1487088398;
557662787;1487088398;1771990291;
557662787;1771990291;5378037892;
557662788;5378037892;1143318342;
557662789;1487088374;5378037894;
557662790;1143316558;1143318644;
557662790;1143318644;5378037895;
557662790;5378037895;1487088374;
557662791;5378037897;1143316558;
557662792;5378037894;1143318342;
557662794;5378037898;1143319913;
557662794;1143319913;3098121121;
557662794;3098121121;5378037899;
557662795;5378037899;1143319912;
557707259;5378406132;1487048571;
557707259;1487048571;1143317169;
557707259;1143317169;1143316430;
557707259;1143316430;5378406130;
557707259;5378406130;5378406126;
557707259;5378406126;5378406122;
557707259;5378406122;1143316821;
557707259;1143316821;1487088376;
557707259;1487088376;1487088399;
557707259;1487088399;1143318342;
