4302771;1534487964;4565533024;
4302771;4565533024;1257550790;
4302771;1257550790;4565533025;
4302771;4565533025;1534488584;
4302771;1534488584;4565533018;
4302771;4565533018;1534488645;
4302771;1534488645;4565533019;
4302771;4565533019;1534487986;
4302771;1534487986;4565533016;
4302771;4565533016;4565533017;
4302771;4565533017;4565533015;
4302771;4565533015;1534487987;
99018000;1147306021;1145549712;
99018000;1145549712;1147305629;
99018000;1147305629;1147305853;
99018000;1147305853;1145549711;
99018000;1145549711;1147306542;
99018000;1147306542;1147305060;
99018000;1147305060;1145528596;
99019564;1147305928;1145549711;
99019598;1145564365;1145552395;
99019598;1145552395;4537061684;
99019598;4537061684;4537061685;
99019598;4537061685;1145552396;
99019598;1145552396;1145552397;
99019598;1145552397;1145552399;
99019598;1145552399;1145564351;
99019598;1145564351;1145528606;
99019811;1145528598;4838811942;
99019811;4838811942;1145554028;
99019811;1145554028;1147305548;
99019811;1147305548;2101211001;
99019886;1147306483;1147305543;
99019886;1147305543;1147306705;
99019886;1147306705;1147306960;
99019886;1147306960;2678910464;
99019886;2678910464;1147305034;
99019895;1147305228;1147305017;
99019895;1147305017;1147306705;
99019895;1147306705;1147306857;
99019904;1147307041;1147305194;
99019904;1147305194;1147305543;
99019904;1147305543;1145557880;
99019909;1147306802;1147305194;
99019909;1147305194;1147305017;
99019909;1147305017;1145555332;
99019909;1145555332;1145555336;
99019909;1145555336;1145555339;
99019909;1145555339;1147306960;
99019990;1147305793;1145555893;
99019990;1145555893;1145557880;
99019990;1145557880;1147306857;
99019990;1147306857;1328040209;
99019990;1328040209;1328042408;
99020062;1147306481;1145557167;
99020076;1147305859;1147305637;
99020076;1147305637;1147305916;
99020076;1147305916;1145557167;
99020076;1145557167;1147305548;
99020085;1147305637;1145557880;
99020093;1145557890;1147305916;
99021492;1145564328;1145564329;
99021500;1147306817;1262328956;
99021500;1262328956;1145564361;
99021500;1145564361;1262328856;
99021500;1262328856;4537061679;
99021500;4537061679;1145564362;
99021500;1145564362;4537061680;
99021500;4537061680;1145564363;
99021553;1145564611;4537061689;
99021553;4537061689;1145564544;
99021553;1145564544;4537061688;
99021553;4537061688;1147305524;
99021553;1147305524;4537061687;
99021553;4537061687;4537061686;
99021553;4537061686;1145564545;
99021553;1145564545;1145552397;
99021571;1145564611;1147305970;
99021571;1147305970;1300651862;
99021571;1300651862;1147306584;
99021571;1147306584;1145564612;
99021598;1145564789;1262328625;
99021598;1262328625;1262328989;
99021598;1262328989;1262328683;
99021598;1262328683;1262328350;
99021598;1262328350;1262328464;
99021598;1262328464;1145564790;
99021598;1145564790;1262328484;
99021598;1262328484;1148143854;
99185207;1147305060;1147305029;
99185237;1145528598;4838811941;
99185237;4838811941;1145528600;
99185237;1145528600;1328158457;
99185237;1328158457;1147306021;
99185237;1147306021;1145528601;
99185244;1147305480;1145528601;
99185259;1147305853;1147306000;
99185259;1147306000;1147306848;
99185259;1147306848;1147307054;
99185282;1147305480;1145528603;
99185282;1145528603;1328045029;
99185282;1328045029;1328042674;
99185290;1147306542;1147305627;
99256754;1148144107;1148143240;
99256754;1148143240;1148144159;
99256754;1148144159;5296177640;
99256754;5296177640;1148143902;
99256754;1148143902;1148143688;
99256754;1148143688;1148143547;
99256754;1148143547;1148143428;
99256754;1148143428;5296177638;
99256754;5296177638;1148228246;
99256754;1148228246;1148143304;
99256754;1148143304;1148143164;
99256754;1148143164;1148144072;
99256754;1148144072;1148143785;
99256754;1148143785;1148143620;
99256754;1148143620;1148143482;
99256754;1148143482;1148143361;
99256754;1148143361;5296177639;
99256754;5296177639;1148143325;
99256754;1148143325;1148143205;
99256754;1148143205;1148144107;
99256758;1262329213;4838731496;
99256758;4838731496;4838731495;
99256758;4838731495;1262328519;
99256758;1262328519;1262328354;
99256758;1262328354;1262328506;
99256763;1148143620;1148143425;
99256763;1148143425;1148143675;
99256763;1148143675;1148144157;
99256763;1148144157;1148143356;
99256763;1148143356;1148143524;
99256763;1148143524;1148143283;
99256763;1148143283;1148143528;
99256763;1148143528;1148143854;
99272501;1148228665;1148228122;
99272501;1148228122;1148228063;
99272501;1148228063;1148228400;
99272501;1148228400;1148228262;
99272501;1148228262;1262328660;
99272501;1262328660;1148228614;
99272501;1148228614;1148228552;
99272501;1148228552;1148228001;
99272501;1148228001;1148227852;
99272501;1148227852;1148228205;
99272501;1148228205;1148228148;
99272501;1148228148;1148228498;
99272510;1148143857;1148228689;
99272510;1148228689;1148228142;
99272510;1148228142;1163403048;
99272510;1163403048;1148227992;
99272510;1148227992;1148228339;
99272510;1148228339;4838615897;
99272510;4838615897;1163401160;
99272510;1163401160;1148228674;
99272510;1148228674;1148228565;
99272510;1148228565;1148228014;
99272510;1148228014;1148227868;
99272510;1148227868;1148228216;
99272510;1148228216;1262329312;
99272510;1262329312;1148227964;
99272510;1148227964;1148228307;
99272510;1148228307;1148228009;
99272524;4838616627;1148228622;
99272524;1148228622;1262328854;
99272524;1262328854;1148228473;
99272524;1148228473;1148227922;
99272524;1148227922;1262328951;
99272524;1262328951;1148228576;
99272524;1148228576;1148228024;
99272524;1148228024;1148227877;
99272524;1148227877;1148228223;
99272524;1148228223;1148228165;
99272556;1148228246;1148228165;
100639202;1163402203;1163404639;
100639345;1163401274;3400529710;
100639345;3400529710;1163403193;
100639345;1163403193;3400529709;
100639345;3400529709;1163402203;
100639345;1163402203;1163401867;
100639345;1163401867;1163404253;
100639345;1163404253;1163405040;
100639345;1163405040;1163403374;
100639345;1163403374;1163403255;
100639345;1163403255;1163401649;
100639345;1163401649;1163402532;
100639345;1163402532;1163404872;
100639345;1163404872;1262328902;
100639345;1262328902;1262328506;
110560930;1145564789;1145564484;
110560930;1145564484;1262328950;
110560930;1262328950;1145564334;
110560933;1262328666;1262329231;
110560933;1262329231;1262329330;
110560935;1262329065;1145564790;
110560937;1262329255;4537061692;
110560937;4537061692;1262329008;
110560937;1262329008;4537061691;
110560937;4537061691;1262329153;
110560937;1262329153;1262329296;
110560937;1262329296;1262328439;
110560937;1262328439;1262328612;
110560937;1262328612;4537061698;
110560937;4537061698;1300651780;
110560938;1262329299;1262328778;
110560938;1262328778;1262328820;
110560938;1262328820;1262328615;
110560938;1262328615;1145554449;
110560938;1145554449;1262329212;
110560938;1262329212;2664825241;
110560938;2664825241;1147306802;
110560938;1147306802;2664825242;
110560938;2664825242;1147306483;
110560938;1147306483;1147305793;
110560938;1147305793;1145554466;
110560938;1145554466;1147305859;
110560938;1147305859;1145554469;
110560938;1145554469;1147305587;
110560938;1147305587;1145528597;
110560940;1262328739;1262329014;
110560940;1262329014;1262328710;
110560940;1262328710;1262328891;
110560940;1262328891;1262328725;
110560940;1262328725;1262328799;
110560941;1262328386;1262328729;
110560941;1262328729;1262328892;
110560941;1262328892;1262329016;
110560941;1262329016;1262328740;
110560941;1262328740;1262328899;
110560941;1262328899;1262329026;
110560947;1262328577;1262328616;
110560949;1262329292;1262329174;
110560949;1262329174;1262329320;
110560949;1262329320;1262328472;
110560949;1262328472;1262328642;
110560949;1262328642;1262328845;
110560949;1262328845;1262328955;
110560949;1262328955;1262329294;
110560949;1262329294;1262329117;
110560949;1262329117;1262329244;
110560949;1262329244;1262328967;
110560949;1262328967;1262329127;
110560949;1262329127;1262329264;
110560949;1262329264;1262328387;
110560950;1262328634;1262329190;
110560950;1262329190;1262329337;
110560950;1262329337;1148228268;
110560954;1262329026;1262328455;
110560954;1262328455;1262328632;
110560960;1262328946;1262328986;
110560960;1262328986;1262329139;
110560960;1262329139;1262329277;
110560960;1262329277;1262328403;
110560965;1262328474;1262329183;
110560965;1262329183;1262329331;
110560965;1262329331;1262328493;
110560965;1262328493;1262328660;
110560966;1262328397;1262329024;
110560966;1262329024;1262329162;
110560966;1262329162;1262329306;
110560966;1262329306;1262328451;
110560966;1262328451;1262328628;
110560966;1262328628;1262329312;
110560967;1262328749;1262328686;
110560967;1262328686;1262328877;
110560967;1262328877;1262328992;
110560967;1262328992;1145554449;
110560975;1262328571;1262328760;
110560976;1262328905;1262329316;
110560976;1262329316;1262328466;
110560976;1262328466;1262328842;
110560976;1262328842;1262328952;
110560977;1262328923;1262329185;
110560977;1262329185;1262329062;
110560977;1262329062;1262328436;
110560977;1262328436;1262328917;
110560977;1262328917;1262328779;
110560977;1262328779;1262328581;
110560977;1262328581;1262328739;
110560981;1148228154;1262328668;
110560981;1262328668;1262328871;
110560981;1262328871;1262328980;
110560981;1262328980;1262328684;
110560981;1262328684;1262328876;
110560981;1262328876;1262328991;
110560981;1262328991;1262329143;
110560981;1262329143;1262329281;
110560981;1262329281;1262328411;
110560981;1262328411;4838616649;
110560981;4838616649;1262328585;
110560981;1262328585;1262328785;
110560981;1262328785;1262328420;
110560981;1262328420;1148228498;
110560982;1262328372;4537061651;
110560982;4537061651;1262329032;
110560982;1262329032;1262329167;
110560982;1262329167;1262329311;
110560984;1262329104;1262328728;
110560990;1145558740;1262328441;
110560990;1262328441;1262328613;
110560991;1262328625;1262329272;
110560991;1262329272;1262329330;
110560991;1262329330;1262328491;
110560991;1262328491;1262328659;
110560991;1262328659;1262328862;
110560993;1262328739;1262328432;
110560993;1262328432;1262329160;
110560993;1262329160;1262329303;
110560993;1262329303;1262328447;
110560993;1262328447;1262328387;
110560993;1262328387;1262329182;
110560993;1262329182;1262329279;
110560993;1262329279;1262328583;
110560993;1262328583;1262328484;
110560994;1148228614;4838616648;
110560994;4838616648;4838616647;
110560994;4838616647;4838616646;
110560994;4838616646;4838616645;
110560994;4838616645;1262329295;
110560994;1262329295;1262328911;
110560994;1262328911;1262329045;
110560994;1262329045;1262329175;
110560994;1262329175;1262328991;
110560995;1145564612;1145564613;
110560995;1145564613;1300651946;
110560995;1300651946;1300651660;
110560995;1300651660;1145564614;
110560995;1145564614;1300652171;
110560995;1300652171;1145564615;
110560995;1145564615;1147306140;
110560995;1147306140;1145564616;
110560995;1145564616;1147306362;
110560995;1147306362;1145564617;
110560995;1145564617;1300651901;
110560995;1300651901;1300651688;
110560995;1300651688;1145564618;
110560995;1145564618;1262328895;
110560995;1262328895;1145564789;
110560995;1145564789;1262329020;
110560995;1262329020;1145564328;
110560999;1262329092;1262329208;
110560999;1262329208;1262328357;
110560999;1262328357;1262328525;
110560999;1262328525;1262328696;
110561000;1262328835;1262328464;
110561006;1262328383;1262328575;
110561006;1262328575;1262328763;
110561006;1262328763;1262328912;
110561006;1262328912;1262329048;
110561006;1262329048;1262329177;
110561006;1262329177;1262329322;
110561006;1262329322;1262328478;
110561006;1262328478;1262328965;
110561008;1262329201;1262328350;
110561010;1262329282;1262328901;
110561011;1262328710;1262328887;
110561011;1262328887;1262329006;
110561011;1262329006;1262329151;
110561011;1262329151;1262329292;
110561012;1145564346;1262329119;
110561012;1262329119;1262329255;
110561014;1163404180;1262328873;
110561014;1262328873;1262328984;
110561014;1262328984;1163401649;
110561016;1262329171;1262328683;
110561023;1262328483;1262328783;
110561023;1262328783;1262329026;
110561026;1262328806;1262328929;
110561026;1262328929;1262329084;
110561026;1262329084;1262328816;
110561026;1262328816;1262328936;
110561032;1148143325;1262329198;
110561032;1262329198;1262328347;
110561032;1262328347;1262328512;
110561032;1262328512;1262328681;
110561032;1262328681;1262328696;
110561032;1262328696;1262328987;
110561032;1262328987;1262329140;
110561032;1262329140;1262328881;
110561032;1262328881;1262328998;
110561032;1262328998;1262329092;
110561032;1262329092;1262329146;
110561032;1262329146;1262329285;
110561032;1262329285;1262328416;
110561032;1262328416;1262328598;
110561032;1262328598;1262328799;
110561033;1262329182;1262328861;
110561033;1262328861;1262328500;
110561033;1262328500;4838733884;
110561033;4838733884;1262328869;
110561033;1262328869;1262329310;
110561033;1262329310;1262328371;
110561033;1262328371;1262329134;
110561033;1262329134;1262328862;
110561033;1262328862;1262329272;
110561034;1262329246;1262328968;
110561035;1262328583;1262329065;
110561035;1262329065;1262328835;
110561035;1262328835;1262329201;
110561035;1262329201;1262329171;
110561035;1262329171;1262329165;
110561035;1262329165;1262329310;
110561036;1145558739;1262328604;
110561036;1262328604;1262328556;
110561036;1262328556;1262328749;
110561036;1262328749;1262328905;
110561039;1262329310;1262328954;
110561039;1262328954;1262329116;
110561039;1262329116;1262329287;
110561040;1148228400;1262328969;
110561040;1262328969;1262329128;
110561040;1262329128;1262329266;
110561040;1262329266;1262328577;
110561040;1262328577;1262328765;
110561040;1262328765;1262328913;
110561045;1262328846;1262329246;
110561045;1262329246;1262329287;
110561046;1145564339;1262328897;
110561046;1262328897;1262329022;
110561046;1262329022;1262329161;
110561046;1262329161;1262329307;
110561046;1262329307;1262328450;
110561046;1262328450;1262328831;
110561046;1262328831;1262328946;
110561046;1262328946;1262329104;
110561046;1262329104;1262329229;
110561046;1262329229;1262328365;
110561046;1262328365;1262328867;
110561049;1148143528;4838616651;
110561049;4838616651;1148143881;
110561049;1148143881;4838616632;
110561049;4838616632;1148143545;
110561052;1262329019;1262328579;
110561052;1262328579;1262329279;
110561055;1145564363;1262328753;
110561055;1262328753;1262328907;
110561055;1262328907;1145564342;
110561058;1262329213;4838731497;
110561058;4838731497;1262328386;
110561058;1262328386;1262328565;
110561058;1262328565;1262328758;
110561058;1262328758;1262328910;
110561058;1262328910;1262329044;
110561058;1262329044;1262328775;
110561058;1262328775;1262328915;
110561058;1262328915;1262329054;
110561058;1262329054;1262329180;
110561058;1262329180;1262329328;
110561058;1262329328;1262328483;
110561058;1262328483;1262328657;
110561058;1262328657;1262328860;
110561058;1262328860;1262328497;
110561058;1262328497;1262328663;
110561058;1262328663;1262328867;
110561059;1262328604;1262328807;
110561059;1262328807;3526079046;
110561059;3526079046;1262328930;
110561059;1262328930;1262328884;
110561059;1262328884;1262329085;
110561059;1262329085;1262329204;
110561059;1262329204;1262328353;
110561059;1262328353;1262329120;
110561059;1262329120;1262329212;
110561061;4838733878;1262328878;
110561061;1262328878;4838733883;
110561061;4838733883;1262328374;
110561061;1262328374;1262328552;
110561061;1262328552;1163402532;
110561063;1262328371;1262328989;
110752657;1263990451;1263990589;
110752661;1263990323;1263990775;
110752661;1263990775;1263990325;
110752661;1263990325;1263990549;
110752661;1263990549;1263990896;
110752661;1263990896;1263990585;
110752661;1263990585;1263990997;
110752661;1263990997;1263990659;
110752661;1263990659;1263990288;
110752661;1263990288;1263990939;
110752661;1263990939;1263990499;
110752661;1263990499;1263990255;
110752661;1263990255;1263990559;
110752661;1263990559;1263990327;
110752661;1263990327;1263990622;
110752661;1263990622;1263990402;
110752661;1263990402;1263990698;
110752661;1263990698;1263990314;
110752661;1263990314;1263990608;
110752661;1263990608;1263990387;
110752661;1263990387;1263990686;
110752661;1263990686;1263990456;
110752661;1263990456;1263990789;
110752661;1263990789;1263990512;
110752661;1263990512;1263990868;
110752663;1263990855;1263990275;
110752676;1263990422;1263990275;
110752676;1263990275;1263990589;
110752676;1263990589;1263990619;
110752676;1263990619;1263990251;
110752676;1263990251;1263990693;
110752676;1263990693;1263990323;
110752676;1263990323;1263991007;
110752676;1263991007;1263990533;
110752676;1263990533;1263990297;
110752676;1263990297;1263990958;
110752676;1263990958;1263990594;
110752676;1263990594;1263990371;
110752676;1263990371;1263990668;
110752676;1263990668;1263990435;
110752676;1263990435;1263990756;
110752676;1263990756;1263990358;
110752676;1263990358;1263990651;
110752676;1263990651;1263990230;
110752676;1263990230;1263990307;
110752676;1263990307;1263990694;
110752676;1263990694;1263990425;
110752676;1263990425;1263990740;
110752676;1263990740;1263990486;
110752676;1263990486;1263990848;
110752676;1263990848;1263990549;
110752676;1263990549;1263990921;
110752676;1263990921;1263990807;
110752676;1263990807;1263990398;
110752676;1263990398;1263990886;
110752676;1263990886;1263990464;
110752676;1263990464;1263990986;
110752676;1263990986;1263990518;
110752676;1263990518;1263990282;
110752676;1263990282;1263990582;
110752676;1263990582;1263991019;
110752676;1263991019;1263990745;
110752676;1263990745;1263990963;
110752676;1263990963;1263990510;
110752676;1263990510;1263990270;
110752676;1263990270;1263990571;
110752676;1263990571;1263990343;
110752676;1263990343;1263990635;
110752676;1263990635;1263990416;
110752676;1263990416;1263990722;
110752676;1263990722;1263990602;
110752676;1263990602;1263990236;
110752676;1263990236;1263990374;
110752676;1263990374;1263990683;
110752676;1263990683;1263990309;
110752676;1263990309;1263990784;
110752676;1263990784;1263990383;
110752676;1263990383;1263990619;
110752679;1263990699;1263990915;
110752679;1263990915;1263990600;
110752679;1263990600;1263990230;
110752685;1263990432;1263990868;
110752685;1263990868;1263990745;
110752692;1263990718;1263990412;
110752692;1263990412;1263990633;
110752692;1263990633;1263990338;
110752692;1263990338;1263990539;
110752692;1263990539;1263990906;
110752697;1263990693;1263990299;
110752697;1263990299;1263990766;
110752697;1263990766;1263990374;
110752699;1263990933;1263990338;
110752717;1263990332;1263990623;
110752717;1263990623;1263990404;
110752717;1263990404;1263990701;
110752723;1263990307;1263990527;
110752723;1263990527;1263990775;
110752738;1263990747;1263990489;
110752738;1263990489;1263990358;
110752751;1263990694;1263990325;
110752751;1263990325;1263991019;
114942273;1300652101;1300652547;
114942273;1300652547;1300651781;
114942273;1300651781;1300651729;
114942274;1145528625;1300652365;
114942274;1300652365;1300652080;
114942274;1300652080;1300652325;
114942274;1300652325;1300651668;
114942274;1300651668;1300651877;
114942274;1300651877;1300652190;
114942274;1300652190;1300652408;
114942274;1300652408;1300652507;
114942277;1145528630;1300652278;
114942277;1300652278;1300652607;
114942277;1300652607;1300651831;
114942277;1300651831;1300652128;
114942277;1300652128;1300652355;
114942277;1300652355;1300652303;
114942277;1300652303;4763880233;
114942277;4763880233;1300652536;
114942277;1300652536;1300651855;
114942277;1300651855;1300652062;
114942277;1300652062;1300652495;
114942277;1300652495;1300652396;
114942277;1300652396;1300651649;
114942277;1300651649;1300651940;
114942277;1300651940;1300652157;
114942279;1145528609;1300652079;
114942279;1300652079;1300652321;
114942279;1300652321;1300652035;
114942279;1300652035;1300652274;
114942279;1300652274;1300652599;
114942279;1300652599;1300651826;
114942279;1300651826;1300652120;
114942279;1300652120;1300651704;
114942284;1300652365;1300651956;
114942284;1300651956;1300651905;
114942284;1300651905;1300652106;
114942284;1300652106;1300652442;
114942284;1300652442;1300651705;
114942284;1300651705;1300651988;
114942284;1300651988;1300652230;
114942286;1300652604;1300652437;
114942286;1300652437;1300651782;
114942286;1300651782;1300651975;
114942286;1300651975;1300652553;
114942286;1300652553;1300651875;
114942286;1300651875;1300652077;
114942286;1300652077;1300652022;
114942286;1300652022;1300652527;
114942286;1300652527;1145564614;
114942287;1300651962;1300651909;
114942287;1300651909;1300652108;
114942287;1300652108;1300652468;
114942287;1300652468;1300651709;
114942287;1300651709;1300652001;
114942287;1300652001;1300652240;
114942287;1300652240;1300652561;
114942289;1300651638;1300652609;
114942289;1300652609;1300651834;
114942289;1300651834;1300651766;
114942289;1300651766;4838811932;
114942289;4838811932;4838811933;
114942289;4838811933;4838811934;
114942289;4838811934;4838811935;
114942291;1300652308;1300652259;
114942291;1300652259;1300652495;
114942298;1300651757;1300652187;
114942298;1300652187;1300652531;
114942298;1300652531;4838811936;
114942299;1300651912;4537061708;
114942299;4537061708;1300651841;
114942299;1300651841;1300652054;
114942299;1300652054;1300652373;
114942299;1300652373;1300651828;
114942299;1300651828;1300651930;
114942299;1300651930;1300652151;
114942299;1300652151;1300652507;
114942301;1145528629;1300652031;
114942301;1300652031;1300651968;
114942302;1300652561;1300651801;
114942302;1300651801;1300652096;
114942305;1300651975;4537061707;
114942305;4537061707;1300652550;
114942305;1300652550;1300651864;
114942305;1300651864;1300652073;
114942305;1300652073;1300652401;
114942305;1300652401;1300651662;
114942305;1300651662;1300651950;
114942305;1300651950;1300652179;
114942305;1300652179;1300652103;
114942305;1300652103;1300652436;
118004802;1328043492;2099745536;
118004802;2099745536;1328039950;
118004802;1328039950;1328043490;
118004802;1328043490;4763873068;
118004802;4763873068;4763873066;
118004802;4763873066;1328159137;
118004802;1328159137;4763873067;
118004802;4763873067;4763873069;
118004802;4763873069;1328161126;
118004802;1328161126;2101277821;
118004802;2101277821;1328041854;
118004806;1328043492;1328043247;
118004806;1328043247;1328157609;
118004811;1328041840;1328043216;
118004811;1328043216;1328045218;
118004811;1328045218;1328042233;
118004811;1328042233;1328043729;
118004811;1328043729;1145554029;
118004843;1328045150;1328040462;
118004863;1328042711;1328045172;
118004863;1328045172;2099745548;
118004863;2099745548;1328039992;
118004863;1328039992;1328043533;
118004863;1328043533;1328159766;
118004863;1328159766;1328161575;
118004863;1328161575;1328041904;
118004912;1300652604;1300651921;
118004912;1300651921;4537061696;
118004912;4537061696;1300652125;
118004918;1145564611;1145564346;
118004941;1328042565;1328159225;
118004941;1328159225;1328043479;
118004976;1328158028;1328041500;
118004976;1328041500;1328043315;
118004976;1328043315;1328039979;
118004976;1328039979;1328042567;
118004976;1328042567;1328042976;
118004976;1328042976;1328045151;
118004976;1328045151;1328041886;
118004976;1328041886;1328043517;
118004976;1328043517;4763873072;
118004976;4763873072;1328044505;
118004976;1328044505;1328161445;
118004976;1328161445;1328043288;
118004976;1328043288;4763873073;
118004976;4763873073;1328157249;
118004976;1328157249;1328159234;
118004976;1328159234;1328041451;
118005010;1328161708;1328161507;
118005010;1328161507;1328040487;
118005010;1328040487;1328040262;
118005010;1328040262;1328044586;
118005010;1328044586;1328042695;
118005010;1328042695;1328161130;
118005010;1328161130;1328161636;
118005010;1328161636;1328043287;
118005010;1328043287;1328040001;
118005010;1328040001;1328157245;
118005010;1328157245;1328042624;
118005010;1328042624;1328042478;
118005010;1328042478;1328040797;
118005010;1328040797;1328160025;
118005010;1328160025;1328043971;
118005010;1328043971;1328041475;
118005010;1328041475;1328045050;
118005010;1328045050;1328040241;
118005010;1328040241;1328041914;
118005010;1328041914;1328039952;
118005010;1328039952;1328043539;
118005010;1328043539;1328043491;
118005010;1328043491;1328040460;
118005010;1328040460;1328159142;
118005010;1328159142;1328042972;
118005010;1328042972;1328042408;
118005010;1328042408;1328161708;
118005015;1328045150;1328039978;
118005015;1328039978;1328042565;
118005020;1145528609;1300651785;
118005020;1300651785;4763873075;
118005020;4763873075;1300652558;
118005020;1300652558;1300652228;
118005020;1300652228;4537061712;
118005032;1328041840;1328044859;
118005032;1328044859;1328161762;
118005032;1328161762;1328040217;
118005032;1328040217;1328042644;
118005036;1328042644;1328042217;
118005036;1328042217;1328043710;
118005036;1328043710;1328044894;
118005047;1328044894;2099822927;
118005047;2099822927;1328041928;
118005047;1328041928;1328158000;
118005047;1328158000;1328040475;
118005047;1328040475;1328044552;
118005047;1328044552;2101277830;
118005047;2101277830;1328041499;
118005089;1300652125;4537061695;
118005089;4537061695;1300652474;
118005089;1300652474;1300651727;
118005089;1300651727;1300651640;
118005089;1300651640;1300651853;
118005089;1300651853;1300652155;
118005089;1300652155;1300652379;
118005089;1300652379;1300651750;
118005089;1300651750;1300651938;
118005089;1300651938;1300652276;
118005089;1300652276;1300652510;
118005089;1300652510;1300652203;
118005089;1300652203;1300652434;
118005089;1300652434;1300651780;
118005100;1262329255;1262328382;
118005100;1262328382;4537061690;
118005100;4537061690;1262329129;
118005100;1262329129;1262329268;
118005100;1262329268;1300651862;
118005318;1300651780;1262329305;
118005318;1262329305;1262328449;
118005318;1262328449;1262328626;
118005318;1262328626;1262328826;
118005318;1262328826;1262328943;
118005403;1328041451;1328042707;
118005403;1328042707;1328160465;
118005403;1328160465;1328041835;
118005403;1328041835;1328045215;
118005403;1328045215;4763873074;
118005403;4763873074;1328040223;
118005403;1328040223;1328040777;
118005403;1328040777;1328043212;
118005403;1328043212;1328162088;
118005403;1328162088;1328042202;
118005403;1328042202;1328042653;
118005403;1328042653;1328044880;
118005403;1328044880;1328041809;
118005403;1328041809;4841573469;
118005403;4841573469;1328042674;
118005464;1300652507;1300652050;
118005464;1300652050;1300652352;
118005464;1300652352;1300652604;
118005482;1328042711;1328040481;
118005491;1328042674;1145528606;
118005491;1145528606;1145528609;
118005494;1328042644;1328045150;
118005496;1328042565;1328042711;
118005577;1328041840;1328043479;
118005583;1328040797;1328041840;
118005600;1145564346;1262329227;
118005600;1262329227;1145564347;
118005600;1145564347;1145564348;
118005600;1145564348;4537061693;
118005600;4537061693;1147306939;
118005600;1147306939;1145564349;
118005600;1145564349;1262328943;
118005600;1262328943;1145564350;
118005600;1145564350;4537061694;
118005600;4537061694;1145564351;
118005631;1328158457;1328160386;
118005631;1328160386;1328041814;
118005631;1328041814;1328045190;
118005631;1328045190;2099822943;
118005631;2099822943;1328040004;
118005631;1328040004;1328044894;
118005640;1328041904;1328041468;
118005640;1328041468;1328043302;
118005640;1328043302;1328043479;
151549999;1328041521;1328043563;
151550003;1328043563;1328160342;
151550003;1328160342;1328043023;
151550003;1328043023;1328045170;
151550003;1328045170;1328158017;
151550003;1328158017;1328040479;
151550003;1328040479;1328044552;
154334723;1148143902;1148143452;
154334723;1148143452;1148143211;
154334723;1148143211;1163401274;
154334723;1163401274;1262329118;
154334723;1262329118;1148143712;
154334723;1148143712;1148143437;
154334723;1148143437;1148143190;
154334723;1148143190;1148143811;
154334723;1148143811;1148143501;
154334723;1148143501;1148143257;
154334723;1148143257;1148143962;
154334723;1148143962;1148143577;
164817763;1328041914;2100662500;
164817763;2100662500;1147305810;
164817763;1147305810;2101211007;
199997820;1145528597;1145528596;
199997823;1147307054;1147305928;
199997823;1147305928;1147305627;
199997823;1147305627;1147305676;
199997823;1147305676;1147305535;
199997823;1147305535;1147305824;
199997823;1147305824;1147305029;
199997823;1147305029;1147306178;
199997823;1147306178;1147306608;
199997823;1147306608;1147305125;
199997823;1147305125;1147305526;
199997825;1145558738;1145558739;
199997825;1145558739;2664825250;
199997826;1147305526;1145528597;
199997826;1145528597;2100621112;
199997826;2100621112;1145558736;
199997826;1145558736;1147306044;
199997826;1147306044;1145558737;
199997826;1145558737;1145558738;
199998880;2099822927;2099822911;
199998880;2099822911;2099822960;
199998880;2099822960;2099822953;
199998880;2099822953;2099822943;
200036976;1328040265;1328043974;
200036976;1328043974;1328161132;
200036976;1328161132;2099745561;
200036976;2099745561;1328039955;
200036976;1328039955;1328042490;
200036976;1328042490;1328159150;
200036976;1328159150;1328041237;
200036976;1328041237;1328041857;
200036976;1328041857;1328043492;
200079997;2100662500;2100662501;
200079997;2100662501;2100662523;
200079997;2100662523;2100662556;
200134558;2101211001;1328160320;
200134558;1328160320;1328161130;
200134559;2101211007;1147305034;
200134559;1147305034;1145554029;
200141869;2101277821;2101277830;
201983469;2119781660;2119781672;
201983469;2119781672;2119781658;
201983469;2119781658;2119781656;
201983469;2119781656;2119781667;
201983469;2119781667;2119781654;
201983469;2119781654;2119781673;
201983469;2119781673;2119781662;
201983469;2119781662;2119781665;
201983469;2119781665;2119781636;
201983469;2119781636;2119781666;
201983475;2119781667;2119781631;
201983475;2119781631;2119781684;
201983475;2119781684;2119781642;
201983475;2119781642;2119781656;
201983475;2119781656;2119781645;
201983475;2119781645;2119781693;
201983475;2119781693;2119781660;
201983478;2119781666;2119781683;
201983478;2119781683;2119781661;
201983478;2119781661;2119781664;
201983478;2119781664;2119781691;
201983478;2119781691;2119781683;
257999244;1147306481;1145528598;
257999246;1147306481;1147305526;
257999248;1145558738;1262328901;
257999248;1262328901;1145559243;
257999248;1145559243;2100336362;
257999248;2100336362;1262329039;
258000686;1145558742;1262329297;
258000686;1262329297;1145558743;
258000686;1145558743;1145554466;
258566160;1262329039;2665293224;
258566160;2665293224;1145559692;
258566160;1145559692;1262328723;
258566160;1262328723;1145559695;
259255293;1262328905;1262329039;
260892677;2664825250;1145558740;
260892677;1145558740;2664825252;
260892677;2664825252;3526079047;
260892677;3526079047;1145558741;
260892677;1145558741;1262329154;
260892677;1262329154;1145558742;
262234992;2678910461;2678910468;
262234992;2678910468;2678910473;
262234992;2678910473;2678910472;
262234992;2678910472;2678910464;
262234994;2678910466;2678910468;
262234995;2678910461;2678910469;
262234995;2678910469;2678910474;
262234995;2678910474;2678910471;
262234995;2678910471;2678910472;
262234996;2678910473;2678910474;
298139186;1262328484;3020437127;
298139186;3020437127;3020437123;
298139186;3020437123;3020437129;
298139186;3020437129;3020437130;
298139186;3020437130;3020437125;
298139186;3020437125;3020437128;
298139186;3020437128;3020437131;
298139186;3020437131;3020437126;
298139186;3020437126;1300651729;
301104449;1300652157;1300651890;
301104449;1300651890;1300652101;
301104449;1300652101;1300652435;
301104449;1300652435;1300651685;
301104449;1300651685;1300651968;
301104450;1300651968;1300652334;
301104450;1300652334;1300651962;
301104450;1300651962;1300651678;
301104450;1300651678;1300651880;
301104450;1300651880;1300652196;
301104450;1300652196;1300652411;
301104450;1300652411;1300651668;
346011512;3526079046;3526079047;
408634426;1148143854;1145564791;
408634426;1145564791;1263990715;
408634426;1263990715;1263990411;
408634426;1263990411;1145564792;
408634426;1145564792;1263990838;
408634426;1263990838;1145564793;
408634426;1145564793;1263990730;
408634426;1263990730;1263990422;
408634426;1263990422;1263990332;
408634426;1263990332;1263990648;
408634426;1263990648;1145564794;
408634426;1145564794;1263990354;
408634426;1263990354;1263990743;
408634426;1263990743;1263990577;
408634426;1263990577;1145564795;
408634426;1145564795;1263990279;
408634426;1263990279;1263990583;
408634426;1263990583;1263990378;
408634426;1263990378;1145564796;
408634426;1145564796;1263990774;
408634426;1263990774;4763880239;
408634426;4763880239;1145535938;
457587424;4537061699;4537061700;
457587424;4537061700;4537061701;
457587424;4537061701;4537061702;
457587424;4537061702;4537061703;
457587424;4537061703;4537061704;
457587424;4537061704;4537061705;
457587424;4537061705;4537061706;
457587424;4537061706;4537061707;
460986057;4565533044;263874803;
460986057;263874803;4565533045;
460986057;4565533045;1534488615;
460986057;1534488615;4565533050;
460986057;4565533050;4565533051;
460986057;4565533051;4565533049;
460986057;4565533049;4565533048;
460986057;4565533048;1534488581;
483647631;4537061708;4763880221;
483647631;4763880221;4763880222;
483647631;4763880222;4763880223;
483647631;4763880223;4763880224;
491777296;1148143411;1163404339;
491777296;1163404339;1163402290;
491777296;1163402290;1263990319;
491777296;1263990319;1262329327;
491777296;1262329327;4838616634;
491777296;4838616634;1148228471;
491777296;1148228471;4838616643;
491777296;4838616643;1148228665;
491777296;1148228665;1148227921;
491777296;1148227921;1148228669;
491777296;1148228669;1262328474;
491777296;1262328474;1148228128;
491777296;1148228128;1148228068;
491777296;1148228068;1148228407;
491777296;1148228407;1148228268;
491777296;1148228268;1148228620;
491777296;1148228620;1148228009;
491777301;1148228009;1148228559;
491777301;1148228559;1148228154;
491777301;1148228154;1148228503;
491777301;1148228503;1148228354;
491777301;1148228354;1148227737;
491777301;1148227737;1148228453;
491777301;1148228453;4838616627;
491777310;4838616649;4838616650;
491777311;4838616651;4838616652;
491777311;4838616652;4838616653;
491777311;4838616653;4838616654;
491777311;4838616654;4838616655;
491777311;4838616655;4838616656;
491777311;4838616656;4838616657;
491777312;1148228498;1148228345;
491777312;1148228345;1148228698;
491777312;1148228698;1148228645;
491777312;1148228645;1148228098;
491777312;1148228098;1148228165;
491777312;1148228165;1148228288;
491777312;1148228288;1148228241;
491777312;1148228241;1148228594;
491777312;1148228594;1148228436;
491777312;1148228436;1148227893;
491777312;1148227893;1148228141;
491777312;1148228141;1148228487;
491777312;1148228487;1148228337;
491777312;1148228337;1148228688;
491777312;1148228688;4838731482;
491777312;4838731482;1148228638;
491777312;1148228638;1148228137;
491777312;1148228137;1148228088;
491777313;1148228241;4838616658;
491786061;4838731482;4838731483;
491786061;4838731483;4838731484;
491786061;4838731484;4838731485;
491786061;4838731485;4838731486;
491786061;4838731486;4838731487;
491786068;1163404639;1163401757;
491786068;1163401757;1163404180;
491786068;1163404180;1163403964;
491786068;1163403964;1163402676;
491786068;1163402676;1262329213;
491786068;1262329213;1262328965;
491786068;1262328965;1262328958;
491786068;1262328958;1262329122;
491786068;1262329122;1262329257;
491786068;1262329257;1262328383;
491786068;1262328383;1262328562;
491786068;1262328562;1262328755;
491786068;1262328755;1262328908;
491786069;1262328506;1262329339;
491786069;1262329339;1262329194;
491786069;1262329194;1262329069;
491786069;1262329069;1262328644;
491786069;1262328644;1262328923;
491786070;1262328506;1262328591;
491786070;1262328591;1262328791;
491786070;1262328791;1262328425;
491786070;1262328425;1262328606;
491786070;1262328606;1262328808;
491786070;1262328808;1262328931;
491786070;1262328931;1262329086;
491786070;1262329086;1262329205;
491786071;1262328867;5313460784;
491786071;5313460784;1262329066;
491786071;1262329066;1262329188;
491786071;1262329188;1262329335;
491786071;1262329335;1262329081;
491786071;1262329081;1145564332;
491786071;1145564332;1262328839;
491786071;1262328839;1145564333;
491786071;1145564333;1145564334;
491786072;1145564339;1145564340;
491786072;1145564340;1262328372;
491786072;1262328372;4537061650;
491786072;4537061650;1145564341;
491786072;1145564341;1262328548;
491786072;1262328548;1147305189;
491786072;1147305189;1262328362;
491786072;1262328362;1145564342;
491786074;1145564334;1262328745;
491786074;1262328745;1145564335;
491786074;1145564335;1262328377;
491786074;1262328377;1145564336;
491786074;1145564336;1145564337;
491786074;1145564337;1145564338;
491786074;1145564338;1145564339;
491786075;1145564342;1145564343;
491786075;1145564343;1147306988;
491786075;1147306988;1262328649;
491786075;1262328649;1145564344;
491786075;1145564344;1262328806;
491786075;1262328806;1147306817;
491786075;1147306817;1145564345;
491786075;1145564345;1145564611;
491786076;1145564363;4537061681;
491786076;4537061681;1145564364;
491786076;1145564364;4537061682;
491786076;4537061682;4537061683;
491786076;4537061683;1145564365;
491786087;1262329205;5313460762;
491786087;5313460762;1145564328;
491786089;1262329287;1262328418;
491786089;1262328418;1262328571;
491786089;1262328571;1262328602;
491786089;1262328602;1262328802;
491786089;1262328802;1262328928;
491786089;1262328928;1262329083;
491786089;1262329083;1262328814;
491786089;1262328814;1262328923;
491786090;1262328363;4838733885;
491786090;4838733885;4838733886;
491786090;4838733886;4838733887;
491786091;1262328799;1262328533;
491786091;1262328533;1262328363;
491786091;1262328363;1148143528;
491793324;1263990422;4838811935;
492106006;1300652468;4841573467;
492106008;1145564612;1300652288;
492106008;1300652288;4537061697;
492106008;4537061697;1300651942;
492106008;1300651942;1300652214;
492106008;1300652214;1300651754;
492106008;1300651754;1300652397;
492106008;1300652397;1300652160;
492106008;1300652160;1300651856;
492106008;1300651856;1300651655;
492106008;1300651655;1300652125;
545893968;1145564331;5275775533;
545893968;5275775533;1145564329;
545893971;1145564329;1145564330;
545893971;1145564330;1145564331;
545893974;1145564331;1145564332;
